
0.226166 
0.070275 0.435311 
0.356585 0.733601 0.79132 
0.76532 0.044635 0.124332 0.345523 
0.967792 0.0812848 0.706224 0.411112 0.506469 
0.00286829 0.34135 0.570647 0.222892 0.905283 0.806472 
0.375525 0.457049 0.546691 0.439197 0.513276 0.747237 0.66398 
0.386998 0.523778 0.393016 0.640422 0.202979 0.696492 0.882316 0.955012 
0.463801 0.741705 0.504849 0.143543 0.136098 0.642811 0.0833796 0.203422 0.437973 
0.519255 0.0758843 0.674322 0.193141 0.0213559 0.645541 0.512104 0.14813 0.12228 0.595667 
0.943737 0.856329 0.770803 0.836142 0.721599 0.646404 0.980424 0.82325 0.685766 0.188581 0.214642 
0.348295 0.590432 0.533 0.703823 0.895585 0.421273 0.135122 0.0705366 0.380808 0.440602 0.974204 0.398492 
0.868057 0.678113 0.323698 0.0241872 0.212213 0.599375 0.772104 0.145713 0.10596 0.527337 0.703243 0.62359 0.948761 
0.391728 0.799285 0.0660767 0.351076 0.72132 0.160813 0.0936536 0.975497 0.0698872 0.0135129 0.984596 0.485268 0.598213 0.812827 
0.0867812 0.95874 0.301684 0.783747 0.129416 0.69372 0.718347 0.10363 0.647876 0.698708 0.851345 0.993015 0.476177 0.62662 0.538538 
0.810878 0.757616 0.413425 0.575829 0.681848 0.716911 0.661613 0.111606 0.647807 0.11849 0.876505 0.522869 0.994787 0.658523 0.786674 0.573481 
0.265477 0.949438 0.703639 0.922745 0.735901 0.122555 0.538819 0.49103 0.720092 0.371899 0.668969 0.487352 0.410045 0.0123554 0.78501 0.937857 0.188307 
0.9113 0.961962 0.229608 0.953058 0.26136 0.732358 0.580478 0.633147 0.972085 0.42027 0.809835 0.795898 0.579823 0.519252 0.568799 0.107267 0.234239 0.376567 
0.771959 0.513729 0.785142 0.852219 0.561163 0.747679 0.168689 0.935348 0.362365 0.565888 0.700829 0.274933 0.177391 0.0980854 0.910054 0.494563 0.323407 0.415135 0.249416 

0.878357 
0.337393 0.819031 
0.651076 0.343716 0.352175 
0.420735 0.78356 0.472899 0.951426 
0.333986 0.686719 0.243907 0.715707 0.280833 
0.616422 0.821487 0.290474 0.379221 0.382679 0.624316 
0.895069 0.855363 0.371183 0.323474 0.587096 0.745616 0.95098 
0.494156 0.448192 0.166631 0.976401 0.172505 0.138944 0.0890974 0.191904 
0.186298 0.199635 0.922723 0.72748 0.925802 0.12286 0.808315 0.468852 0.513029 
0.892636 0.160083 0.748688 0.839782 0.272071 0.765304 0.932554 0.733474 0.621892 0.90267 
0.466403 0.919236 0.5516 0.860118 0.342958 0.729467 0.273249 0.778921 0.331694 0.373074 0.601173 
0.967197 0.749242 0.999061 0.0276787 0.160316 0.303559 0.496161 0.655277 0.310625 0.712656 0.460579 0.672202 
0.463237 0.356516 0.264462 0.131348 0.928336 0.447652 0.864871 0.831189 0.713476 0.70134 0.574931 0.569587 0.628464 
0.00582468 0.568083 0.98095 0.289187 0.380751 0.490277 0.773333 0.993544 0.611417 0.555862 0.97128 0.625442 0.46685 0.460531 
0.778579 0.672511 0.767257 0.024457 0.753919 0.428337 0.546422 0.783128 0.90376 0.402697 0.437717 0.380828 0.595186 0.781176 0.400217 
0.200305 0.816708 0.620087 0.372707 0.656023 0.97854 0.41966 0.203207 0.495882 0.279535 0.752099 0.0466665 0.453267 0.531662 0.75059 0.685079 
0.754816 0.447952 0.360377 0.602251 0.985164 0.435284 0.217729 0.398699 0.0909846 0.198024 0.705706 0.509819 0.122492 0.206317 0.347313 0.211003 0.070484 
0.410137 0.630798 0.41694 0.869875 0.255384 0.67602 0.487756 0.522402 0.266391 0.620675 0.686152 0.0834838 0.42607 0.338974 0.709342 0.476944 0.993093 0.466668 
0.298936 0.806583 0.0886493 0.704654 0.897945 0.954974 0.810782 0.772797 0.153004 0.187582 0.330341 0.0132262 0.780481 0.295664 0.869133 0.199842 0.285296 0.467987 0.391881 

0.170282 
0.380405 0.787339 
0.0268678 0.146009 0.369404 
0.934528 0.879795 0.606445 0.729518 
0.426691 0.34796 0.586501 0.616135 0.269516 
0.111993 0.847452 0.755961 0.56044 0.314872 0.657078 
0.66748 0.0778552 0.890279 0.155747 0.0743242 0.429034 0.574996 
0.623727 0.184937 0.945696 0.21737 0.807558 0.691506 0.476766 0.475377 
0.725664 0.04117 0.484818 0.846073 0.995357 0.0128797 0.49161 0.966425 0.343839 
0.604413 0.764434 0.115319 0.742664 0.904546 0.118518 0.996346 0.924933 0.0151172 0.808631 
0.848414 0.710778 0.116605 0.863991 0.772307 0.972438 0.32588 0.726652 0.923502 0.185288 0.844711 
0.761292 0.781656 0.485055 0.782806 0.118568 0.284398 0.579273 0.759575 0.308933 0.0647669 0.299275 0.124957 
0.726278 0.142438 0.930404 0.977545 0.566578 0.428886 0.93966 0.903699 0.751611 0.942551 0.522659 0.261536 0.218268 
0.620324 0.177839 0.00841183 0.458554 0.0233652 0.557582 0.616638 0.525921 0.307733 0.495855 0.78984 0.839781 0.457984 0.0749822 
0.489082 0.870861 0.607996 0.293093 0.833162 0.326742 0.767875 0.749752 0.691988 0.847625 0.0571112 0.398455 0.59117 0.68324 0.0751849 
0.868776 0.0301416 0.806139 0.383444 0.280972 0.517175 0.0726308 0.0925339 0.953301 0.886362 0.677781 0.105606 0.910732 0.228567 0.00882879 0.867075 
0.112253 0.290595 0.593782 0.799506 0.715889 0.0618681 0.506609 0.244757 0.0343792 0.426676 0.258523 0.254803 0.933066 0.398373 0.695207 0.615695 0.247138 
0.620446 0.659197 0.799205 0.376712 0.241216 0.279025 0.691287 0.298025 0.697219 0.527774 0.952371 0.79161 0.770045 0.526539 0.493027 0.92131 0.0310705 0.95173 
0.992674 0.328214 0.0996993 0.389929 0.732359 0.89204 0.897375 0.192285 0.262225 0.519657 0.433826 0.972767 0.838799 0.784674 0.942368 0.946043 0.643274 0.0177027 0.597073 

0.0174801 
0.941608 0.271281 
0.841331 0.740564 0.997724 
0.91578 0.180448 0.231487 0.552552 
0.81741 0.977138 0.365617 0.359429 0.843919 
0.597063 0.748376 0.694493 0.549451 0.399378 0.523067 
0.876994 0.636796 0.401364 0.810063 0.208927 0.70472 0.594406 
0.342632 0.192584 0.688758 0.128854 0.0358289 0.298165 0.350882 0.129602 
0.436111 0.297827 0.501057 0.548644 0.60664 0.35338 0.277245 0.705936 0.235558 
0.974155 0.917869 0.476833 0.112368 0.894735 0.604501 0.0827975 0.70421 0.442822 0.00364077 
0.0188435 0.274778 0.204162 0.269447 0.895435 0.078437 0.718754 0.963315 0.920239 0.404463 0.489957 
0.456184 0.68507 0.648363 0.54749 0.712266 0.857573 0.843553 0.331987 0.84099 0.226737 0.806286 0.0632702 
0.347882 0.839121 0.432689 0.143334 0.517485 0.141288 0.906057 0.358784 0.174035 0.664434 0.164572 0.860622 0.0327713 
0.768927 0.209093 0.420097 0.171722 0.993041 0.651855 0.0419023 0.914231 0.180928 0.550464 0.460473 0.68599 0.218845 0.7083 
0.385887 0.108194 0.96626 0.897711 0.839851 0.719189 0.405668 0.614392 0.296735 0.984376 0.971941 0.52673 0.456857 0.545983 0.845506 
0.467405 0.0626031 0.808591 0.714985 0.178133 0.518768 0.895394 0.378455 0.793971 0.00967927 0.29025 0.159514 0.973348 0.773292 0.470183 0.0268062 
0.0217918 0.58058 0.283252 0.6109 0.916882 0.365434 0.572429 0.193013 0.426606 0.240824 0.519222 0.0513749 0.819299 0.310779 0.50831 0.185523 0.438954 
0.973319 0.395839 0.435732 0.488116 0.495856 0.403627 0.704812 0.185702 0.171083 0.46245 0.844888 0.536733 0.417888 0.244221 0.353894 0.129463 0.735703 0.456508 
0.515237 0.72891 0.513349 0.193685 0.190791 0.892028 0.84446 0.971268 0.737149 0.12457 0.739719 0.0528681 0.562256 0.637682 0.216956 0.273981 0.403264 0.014581 0.768424 

0.853946 
0.661447 0.134641 
0.121296 0.160033 0.32853 
0.968642 0.156924 0.606463 0.655978 
0.532819 0.0658997 0.977058 0.949161 0.612846 
0.912981 0.275633 0.656089 0.256137 0.388235 0.651278 
0.834389 0.56146 0.0807253 0.792627 0.552016 0.635218 0.137797 
0.658092 0.267208 0.911557 0.571412 0.186859 0.0642819 0.449935 0.975373 
0.0398105 0.233366 0.0398845 0.343045 0.270389 0.504937 0.782309 0.560662 0.759495 
0.571528 0.212793 0.129345 0.14279 0.563867 0.11613 0.973202 0.715927 0.143108 0.217467 
0.907896 0.232281 0.499701 0.696927 0.334504 0.714295 0.195599 0.60793 0.60515 0.430231 0.152187 
0.0682811 0.0645718 0.153176 0.550731 0.0911888 0.578254 0.487179 0.208206 0.42671 0.606885 0.216819 0.304075 
0.263321 0.435055 0.57742 0.350226 0.2152 0.853666 0.0308029 0.234835 0.336487 0.55048 0.29997 0.448125 0.323399 
0.40798 0.782704 0.440467 0.713752 0.803023 0.993151 0.448255 0.453284 0.520652 0.492156 0.566732 0.118559 0.38238 0.793985 
0.747883 0.794886 0.688218 0.0371405 0.34911 0.3023 0.485811 0.545198 0.0175533 0.674451 0.14373 0.591204 0.425639 0.799484 0.571094 
0.26666 0.749418 0.811231 0.484654 0.334552 0.532277 0.530937 0.186007 0.780666 0.941615 0.655011 0.786797 0.709521 0.418278 0.401525 0.995822 
0.642139 0.902397 0.180731 0.542911 0.415892 0.823422 0.725852 0.77215 0.44314 0.50561 0.246429 0.877087 0.929502 0.516591 0.756888 0.888271 0.558284 
0.0466499 0.762412 0.288572 0.378958 0.363409 0.339168 0.42619 0.910291 0.0582646 0.205743 0.358387 0.178195 0.247105 0.112862 0.0824701 0.969059 0.0911028 0.860245 
0.59779 0.136184 0.663229 0.783916 0.946346 0.387149 0.511684 0.71687 0.245974 0.864716 0.20185 0.235468 0.35846 0.0443849 0.123637 0.691406 0.0802035 0.793409 0.988068 

0.524083 
0.556464 0.995415 
0.565858 0.911195 0.772233 
0.956081 0.706357 0.0692016 0.902286 
0.512663 0.0695981 0.543813 0.620143 0.366416 
0.0934871 0.285368 0.0893992 0.946034 0.471491 0.976789 
0.70911 0.623867 0.534909 0.631651 0.593131 0.927878 0.561026 
0.486506 0.73738 0.909851 0.525749 0.571308 0.571122 0.0240885 0.326556 
0.201251 0.138596 0.132127 0.982829 0.202623 0.407061 0.866574 0.0156463 0.797598 
0.115434 0.113455 0.561816 0.361282 0.462451 0.900532 0.71969 0.686331 0.774962 0.29056 
0.0510644 0.60476 0.191608 0.63005 0.424516 0.0368404 0.698213 0.586875 0.300239 0.996619 0.741245 
0.091871 0.914857 0.203722 0.342408 0.104067 0.0901918 0.990395 0.825571 0.72526 0.946921 0.720318 0.57152 
0.149867 0.37422 0.601812 0.742437 0.352136 0.718105 0.0563345 0.817748 0.618269 0.571887 0.536101 0.320214 0.648148 
0.128375 0.774273 0.5106 0.682402 0.56443 0.0646743 0.961603 0.943088 0.417381 0.797312 0.300731 0.350831 0.313476 0.836575 
0.309041 0.717817 0.292807 0.0414094 0.94228 0.468769 0.357858 0.321793 0.266506 0.675852 0.357116 0.890689 0.0200187 0.701794 0.034247 
0.277028 0.571726 0.323704 0.520698 0.773575 0.93252 0.582213 0.70302 0.422062 0.52096 0.294291 0.315819 0.549599 0.694361 0.0370222 0.543938 
0.839934 0.0331185 0.27147 0.670976 0.358511 0.0639098 0.364913 0.960845 0.354148 0.355079 0.563557 0.970565 0.649176 0.917314 0.638917 0.451756 0.316348 
0.607301 0.433857 0.372635 0.447761 0.864142 0.0433466 0.71947 0.193302 0.238012 0.701555 0.897843 0.180702 0.172204 0.705929 0.537147 0.0123701 0.0155596 0.918968 
0.0485613 0.858787 0.0113542 0.931991 0.838204 0.534469 0.872881 0.162998 0.401474 0.437078 0.220786 0.104564 0.027642 0.0880751 0.490204 0.861666 0.770965 0.199617 0.018366 

0.455357 
0.172811 0.0620963 
0.804497 0.772944 0.928338 
0.328018 0.240126 0.703288 0.754321 
0.459934 0.565474 0.0962687 0.735854 0.225521 
0.731202 0.195924 0.547336 0.222106 0.0663684 0.627284 
0.802856 0.83528 0.530857 0.66599 0.798836 0.131149 0.629578 
0.475425 0.692876 0.0989861 0.983234 0.330333 0.0256256 0.143123 0.638039 
0.915385 0.362972 0.110514 0.589987 0.533066 0.773555 0.183095 0.879734 0.35685 
0.00395873 0.296258 0.348956 0.0883544 0.905514 0.180116 0.480638 0.578417 0.871514 0.875577 
0.257924 0.375159 0.00338306 0.525566 0.596623 0.0604785 0.120135 0.556889 0.114843 0.568206 0.485063 
0.446257 0.742248 0.487498 0.152546 0.988845 0.494352 0.319437 0.316155 0.997922 0.24177 0.137616 0.676875 
0.244404 0.783521 0.790222 0.829659 0.209962 0.663864 0.174182 0.59932 0.650813 0.445134 0.487011 0.896756 0.25485 
0.00360492 0.237939 0.818841 0.324181 0.941709 0.730738 0.360953 0.271766 0.455311 0.71985 0.384678 0.534897 0.528874 0.874832 
0.754597 0.638939 0.527392 0.470836 0.856643 0.0467741 0.264926 0.356264 0.97949 0.132972 0.70371 0.388408 0.580803 0.54426 0.159512 
0.726345 0.516996 0.472972 0.360581 0.431862 0.523024 0.168352 0.945161 0.625247 0.32888 0.653332 0.711157 0.520173 0.711408 0.238297 0.741824 
0.355419 0.530221 0.90112 0.0895517 0.986566 0.339265 0.0188929 0.520821 0.925271 0.78113 0.00672433 0.977084 0.0714369 0.860974 0.419821 0.174585 0.904849 
0.752549 0.603765 0.293429 0.389861 0.646521 0.657583 0.653926 0.472644 0.542158 0.761425 0.373016 0.41999 0.83929 0.912692 0.407694 0.135222 0.834434 0.185812 
0.445897 0.800217 0.289838 0.0492353 0.592156 0.745566 0.0175692 0.238071 0.732835 0.267556 0.396205 0.23096 0.54467 0.965256 0.675497 0.233911 0.410234 0.660599 0.839471 

0.668958 
0.19156 0.573685 
0.279713 0.0164973 0.0387314 
0.847385 0.533473 0.0135607 0.00510411 
0.935678 0.667702 0.404464 0.244152 0.188435 
0.149378 0.287784 0.509028 0.628184 0.117119 0.358404 
0.90477 0.508202 0.217107 0.479365 0.370273 0.99954 0.0162185 
0.304668 0.539024 0.321858 0.792656 0.0977285 0.982666 0.246066 0.0338493 
0.909204 0.166757 0.171346 0.0819977 0.901823 0.0339379 0.681126 0.931249 0.78746 
0.262236 0.69425 0.57447 0.0190864 0.511855 0.0778222 0.523216 0.287382 0.0666331 0.579473 
0.554693 0.76185 0.741864 0.032173 0.327659 0.699196 0.629646 0.960723 0.982694 0.338679 0.785573 
0.0678086 0.246992 0.605773 0.370141 0.33691 0.78581 0.359495 0.31038 0.0894013 0.865508 0.308556 0.740307 
0.702442 0.598139 0.450373 0.0207637 0.334782 0.571449 0.632299 0.909671 0.40384 0.727015 0.476031 0.00438724 0.0277424 
0.201447 0.0754155 0.461828 0.490904 0.632149 0.556316 0.806842 0.0761129 0.782286 0.746307 0.275801 0.654697 0.115537 0.466579 
0.457602 0.38055 0.0049749 0.00828601 0.619249 0.50548 0.667458 0.543432 0.284788 0.519432 0.785662 0.284726 0.455362 0.16479 0.845484 
0.569497 0.924484 0.411583 0.860405 0.843099 0.272293 0.251745 0.162142 0.668194 0.132091 0.473649 0.906954 0.509692 0.401439 0.617482 0.419803 
0.30691 0.297159 0.713765 0.391141 0.645149 0.0530652 0.273951 0.66113 0.597084 0.2148 0.338124 0.410861 0.534172 0.967165 0.196594 0.956916 0.741906 
0.368298 0.935704 0.551078 0.210178 0.0185256 0.219336 0.144104 0.538005 0.902006 0.91145 0.473283 0.537682 0.51929 0.167913 0.053411 0.428563 0.776575 0.740404 
0.918373 0.451816 0.191102 0.666337 0.703266 0.0174551 0.721342 0.994805 0.0840718 0.0148415 0.051831 0.810285 0.0348799 0.454438 0.671727 0.457829 0.97693 0.469583 0.161719 

0.965283 
0.288489 0.627979 
0.50911 0.359078 0.530737 
0.969346 0.269907 0.731907 0.28578 
0.896779 0.539774 0.0729675 0.160264 0.884441 
0.318952 0.238275 0.303538 0.867071 0.0297458 0.954871 
0.626578 0.00507587 0.972193 0.144145 0.485991 0.393916 0.203228 
0.504668 0.755031 0.492291 0.832897 0.375905 0.53698 0.762524 0.493724 
0.242502 0.767181 0.639547 0.407375 0.97522 0.31845 0.79737 0.311705 0.677401 
0.695237 0.661484 0.843475 0.843477 0.937899 0.297038 0.579125 0.233558 0.183027 0.661955 
0.831858 0.801796 0.757588 0.762734 0.180512 0.0394069 0.220457 0.173323 0.103842 0.610554 0.0728267 
0.863229 0.375857 0.951981 0.217228 0.0394551 0.481618 0.0717128 0.179677 0.691933 0.711825 0.432629 0.558523 
0.732386 0.45477 0.00467308 0.640617 0.571758 0.298157 0.0855351 0.981884 0.474514 0.903668 0.370456 0.357024 0.164771 
0.534169 0.465366 0.192178 0.112105 0.354878 0.198765 0.623103 0.724351 0.0458982 0.974719 0.992599 0.261155 0.400541 0.350951 
0.570742 0.185625 0.732392 0.992171 0.234825 0.026583 0.482076 0.531483 0.404901 0.396934 0.441024 0.304906 0.38361 0.923023 0.686987 
0.418668 0.723337 0.485132 0.668705 0.0481138 0.0100778 0.367735 0.537894 0.509844 0.0289368 0.202868 0.481591 0.766802 0.560217 0.686278 0.241316 
0.443137 0.901412 0.485615 0.979158 0.822599 0.104879 0.495866 0.222741 0.396833 0.935609 0.165032 0.74282 0.678209 0.194821 0.902965 0.812085 0.677622 
0.322325 0.6701 0.316317 0.604876 0.60217 0.936327 0.878706 0.549192 0.913446 0.734738 0.868603 0.920863 0.426882 0.45675 0.143142 0.189275 0.136281 0.0518923 
0.0702715 0.163264 0.0541257 0.375839 0.64341 0.453852 0.971263 0.384752 0.349026 0.450633 0.704468 0.434632 0.826177 0.902576 0.546135 0.0121271 0.28057 0.651064 0.376742 
