0
14 19 94 38 70 92 61 21 1 9 27 90 47 24 23 6 69 95 67 16 75 57 54 81 87 52 22 33 4 31 63 44 53 
14 19 94 38 70 92 61 21 1 9 27 90 47 24 23 6 69 95 67 16 75 57 54 81 87 52 22 33 4 31 63 44 53 
14 19 94 38 70 92 61 21 1 9 27 90 47 24 23 6 69 95 67 16 75 57 54 81 87 52 22 33 4 31 63 44 53 
14 19 94 38 70 92 61 21 1 9 27 90 47 24 23 6 69 95 67 16 75 57 54 81 87 52 22 33 4 31 63 44 53 
14 19 94 38 70 92 61 21 1 9 27 90 47 24 23 6 69 95 67 16 75 57 54 81 87 52 22 33 4 31 63 44 53 
14 19 94 38 70 92 61 21 1 9 27 90 47 24 23 6 69 95 67 16 75 57 54 81 87 52 22 33 4 31 63 44 53 
14 19 94 38 70 92 61 21 1 9 27 90 47 24 23 6 69 95 67 16 75 57 54 81 87 52 22 33 4 31 63 44 53 
14 19 94 38 70 92 61 21 1 9 27 90 47 24 23 6 69 95 67 16 75 57 54 81 87 52 22 33 4 31 63 44 53 
14 19 94 38 70 92 61 21 1 9 27 90 47 24 23 6 69 95 67 16 75 57 54 81 87 52 22 33 4 31 63 44 53 
14 19 94 38 70 92 61 21 1 9 27 90 47 24 23 6 69 95 67 16 75 57 54 81 87 52 22 33 4 31 63 44 53 
14 19 94 38 70 92 61 21 1 9 27 90 47 24 23 6 69 95 67 16 75 57 54 81 87 52 22 33 4 31 63 44 53 
14 19 94 38 70 92 61 21 1 9 27 90 47 24 23 6 69 95 67 16 75 57 54 81 87 52 22 33 4 31 63 44 53 
14 19 94 38 70 92 61 21 1 9 27 90 47 24 23 6 69 95 67 16 75 57 54 81 87 52 22 33 4 31 63 44 53 
14 19 94 38 70 92 61 21 1 9 27 90 47 24 23 6 69 95 67 16 75 57 54 81 87 52 22 33 4 31 63 44 53 
14 19 94 38 70 92 61 21 1 9 27 90 47 24 23 6 69 95 67 16 75 57 54 81 87 52 22 33 4 31 63 44 53 
14 19 94 38 70 92 61 21 1 9 27 90 47 24 23 6 69 95 67 16 75 57 54 81 87 52 22 33 4 31 63 44 53 
14 19 94 38 70 92 61 21 1 9 27 90 47 24 23 6 69 95 67 16 75 57 54 81 87 52 22 33 4 31 63 44 53 
14 19 94 38 70 92 61 21 1 9 27 90 47 24 23 6 69 95 67 16 75 57 54 81 87 52 22 33 4 31 63 44 53 
14 19 94 38 70 92 61 21 1 9 27 90 47 24 23 6 69 95 67 16 75 57 54 81 87 52 22 33 4 31 63 44 53 
14 19 94 38 70 92 61 21 1 9 27 90 47 24 23 6 69 95 67 16 75 57 54 81 87 52 22 33 4 31 63 44 53 
14 19 94 38 70 92 61 21 1 9 27 90 47 24 23 6 69 95 67 16 75 57 54 81 87 52 22 33 4 31 63 44 53 
14 19 94 38 70 92 61 21 1 9 27 90 47 24 23 6 69 95 67 16 75 57 54 81 87 52 22 33 4 31 63 44 53 
14 19 94 38 70 92 61 21 1 9 27 90 47 24 23 6 69 95 67 16 75 57 54 81 87 52 22 33 4 31 63 44 53 
14 19 94 38 70 92 61 21 1 9 27 90 47 24 23 6 69 95 67 16 75 57 54 81 87 52 22 33 4 31 63 44 53 
14 19 94 38 70 92 61 21 1 9 27 90 47 24 23 6 69 95 67 16 75 57 54 81 87 52 22 33 4 31 63 44 53 
14 19 94 38 70 92 61 21 1 9 27 90 47 24 23 6 69 95 67 16 75 57 54 81 87 52 22 33 4 31 63 44 53 
14 19 94 38 70 92 61 21 1 9 27 90 47 24 23 6 69 95 67 16 75 57 54 81 87 52 22 33 4 31 63 44 53 
14 19 94 38 70 92 61 21 1 9 27 90 47 24 23 6 69 95 67 16 75 57 54 81 87 52 22 33 4 31 63 44 53 
14 19 94 38 70 92 61 21 1 9 27 90 47 24 23 6 69 95 67 16 75 57 54 81 87 52 22 33 4 31 63 44 53 
14 19 94 38 70 92 61 21 1 9 27 90 47 24 23 6 69 95 67 16 75 57 54 81 87 52 22 33 4 31 63 44 53 
14 19 94 38 70 92 61 21 1 9 27 90 47 24 23 6 69 95 67 16 75 57 54 81 87 52 22 33 4 31 63 44 53 
14 19 94 38 70 92 61 21 1 9 27 90 47 24 23 6 69 95 67 16 75 57 54 81 87 52 22 33 4 31 63 44 53 
14 19 94 38 70 92 61 21 1 9 27 90 47 24 23 6 69 95 67 16 75 57 54 81 87 52 22 33 4 31 63 44 53 
14 19 94 38 70 92 61 21 1 9 27 90 47 24 23 6 69 95 67 16 75 57 54 81 87 52 22 33 4 31 63 44 53 
14 19 94 38 70 92 61 21 1 9 27 90 47 24 23 6 69 95 67 16 75 57 54 81 87 52 22 33 4 31 63 44 53 
14 19 94 38 70 92 61 21 1 9 27 90 47 24 23 6 69 95 67 16 75 57 54 81 87 52 22 33 4 31 63 44 53 
14 19 94 38 70 92 61 21 1 9 27 90 47 24 23 6 69 95 67 16 75 57 54 81 87 52 22 33 4 31 63 44 53 
14 19 94 38 70 92 61 21 1 9 27 90 47 24 23 6 69 95 67 16 75 57 54 81 87 52 22 33 4 31 63 44 53 
14 19 94 38 70 92 61 21 1 9 27 90 47 24 23 6 69 95 67 16 75 57 54 81 87 52 22 33 4 31 63 44 53 
14 19 94 38 70 92 61 21 1 9 27 90 47 24 23 6 69 95 67 16 75 57 54 81 87 52 22 33 4 31 63 44 53 
14 19 94 38 70 92 61 21 1 9 27 90 47 24 23 6 69 95 67 16 75 57 54 81 87 52 22 33 4 31 63 44 53 
14 19 94 38 70 92 61 21 1 9 27 90 47 24 23 6 69 95 67 16 75 57 54 81 87 52 22 33 4 31 63 44 53 
14 19 94 38 70 92 61 21 1 9 27 90 47 24 23 6 69 95 67 16 75 57 54 81 87 52 22 33 4 31 63 44 53 
14 19 94 38 70 92 61 21 1 9 27 90 47 24 23 6 69 95 67 16 75 57 54 81 87 52 22 33 4 31 63 44 53 
14 19 94 38 70 92 61 21 1 9 27 90 47 24 23 6 69 95 67 16 75 57 54 81 87 52 22 33 4 31 63 44 53 
14 19 94 38 70 92 61 21 1 9 27 90 47 24 23 6 69 95 67 16 75 57 54 81 87 52 22 33 4 31 63 44 53 
14 19 94 38 70 92 61 21 1 9 27 90 47 24 23 6 69 95 67 16 75 57 54 81 87 52 22 33 4 31 63 44 53 
14 19 94 38 70 92 61 21 1 9 27 90 47 24 23 6 69 95 67 16 75 57 54 81 87 52 22 33 4 31 63 44 53 
14 19 94 38 70 92 61 21 1 9 27 90 47 24 23 6 69 95 67 16 75 57 54 81 87 52 22 33 4 31 63 44 53 
14 19 94 38 70 92 61 21 1 9 27 90 47 24 23 6 69 95 67 16 75 57 54 81 87 52 22 33 4 31 63 44 53 
14 19 94 38 70 92 61 21 1 9 27 90 47 24 23 6 69 95 67 16 75 57 54 81 87 52 22 33 4 31 63 44 53 
14 19 94 38 70 92 61 21 1 9 27 90 47 24 23 6 69 95 67 16 75 57 54 81 87 52 22 33 4 31 63 44 53 
14 19 94 38 70 92 61 21 1 9 27 90 47 24 23 6 69 95 67 16 75 57 54 81 87 52 22 33 4 31 63 44 53 
14 19 94 38 70 92 61 21 1 9 27 90 47 24 23 6 69 95 67 16 75 57 54 81 87 52 22 33 4 31 63 44 53 
14 19 94 38 70 92 61 21 1 9 27 90 47 24 23 6 69 95 67 16 75 57 54 81 87 52 22 33 4 31 63 44 53 
14 19 94 38 70 92 61 21 1 9 27 90 47 24 23 6 69 95 67 16 75 57 54 81 87 52 22 33 4 31 63 44 53 
14 19 94 38 70 92 61 21 1 9 27 90 47 24 23 6 69 95 67 16 75 57 54 81 87 52 22 33 4 31 63 44 53 
14 19 94 38 70 92 61 21 1 9 27 90 47 24 23 6 69 95 67 16 75 57 54 81 87 52 22 33 4 31 63 44 53 
14 19 94 38 70 92 61 21 1 9 27 90 47 24 23 6 69 95 67 16 75 57 54 81 87 52 22 33 4 31 63 44 53 
14 19 94 38 70 92 61 21 1 9 27 90 47 24 23 6 69 95 67 16 75 57 54 81 87 52 22 33 4 31 63 44 53 
14 19 94 38 70 92 61 21 1 9 27 90 47 24 23 6 69 95 67 16 75 57 54 81 87 52 22 33 4 31 63 44 53 
14 19 94 38 70 92 61 21 1 9 27 90 47 24 23 6 69 95 67 16 75 57 54 81 87 52 22 33 4 31 63 44 53 
14 19 94 38 70 92 61 21 1 9 27 90 47 24 23 6 69 95 67 16 75 57 54 81 87 52 22 33 4 31 63 44 53 
14 19 94 38 70 92 61 21 1 9 27 90 47 24 23 6 69 95 67 16 75 57 54 81 87 52 22 33 4 31 63 44 53 
14 19 94 38 70 92 61 21 1 9 27 90 47 24 23 6 69 95 67 16 75 57 54 81 87 52 22 33 4 31 63 44 53 
14 19 94 38 70 92 61 21 1 9 27 90 47 24 23 6 69 95 67 16 75 57 54 81 87 52 22 33 4 31 63 44 53 
14 19 94 38 70 92 61 21 1 9 27 90 47 24 23 6 69 95 67 16 75 57 54 81 87 52 22 33 4 31 63 44 53 
14 19 94 38 70 92 61 21 1 9 27 90 47 24 23 6 69 95 67 16 75 57 54 81 87 52 22 33 4 31 63 44 53 
14 19 94 38 70 92 61 21 1 9 27 90 47 24 23 6 69 95 67 16 75 57 54 81 87 52 22 33 4 31 63 44 53 
14 19 94 38 70 92 61 21 1 9 27 90 47 24 23 6 69 95 67 16 75 57 54 81 87 52 22 33 4 31 63 44 53 
14 19 94 38 70 92 61 21 1 9 27 90 47 24 23 6 69 95 67 16 75 57 54 81 87 52 22 33 4 31 63 44 53 
14 19 94 38 70 92 61 21 1 9 27 90 47 24 23 6 69 95 67 16 75 57 54 81 87 52 22 33 4 31 63 44 53 
14 19 94 38 70 92 61 21 1 9 27 90 47 24 23 6 69 95 67 16 75 57 54 81 87 52 22 33 4 31 63 44 53 
14 19 94 38 70 92 61 21 1 9 27 90 47 24 23 6 69 95 67 16 75 57 54 81 87 52 22 33 4 31 63 44 53 
14 19 94 38 70 92 61 21 1 9 27 90 47 24 23 6 69 95 67 16 75 57 54 81 87 52 22 33 4 31 63 44 53 
14 19 94 38 70 92 61 21 1 9 27 90 47 24 23 6 69 95 67 16 75 57 54 81 87 52 22 33 4 31 63 44 53 
14 19 94 38 70 92 61 21 1 9 27 90 47 24 23 6 69 95 67 16 75 57 54 81 87 52 22 33 4 31 63 44 53 
14 19 94 38 70 92 61 21 1 9 27 90 47 24 23 6 69 95 67 16 75 57 54 81 87 52 22 33 4 31 63 44 53 
14 19 94 38 70 92 61 21 1 9 27 90 47 24 23 6 69 95 67 16 75 57 54 81 87 52 22 33 4 31 63 44 53 
14 19 94 38 70 92 61 21 1 9 27 90 47 24 23 6 69 95 67 16 75 57 54 81 87 52 22 33 4 31 63 44 53 
14 19 94 38 70 92 61 21 1 9 27 90 47 24 23 6 69 95 67 16 75 57 54 81 87 52 22 33 4 31 63 44 53 
14 19 94 38 70 92 61 21 1 9 27 90 47 24 23 6 69 95 67 16 75 57 54 81 87 52 22 33 4 31 63 44 53 
14 19 94 38 70 92 61 21 1 9 27 90 47 24 23 6 69 95 67 16 75 57 54 81 87 52 22 33 4 31 63 44 53 
14 19 94 38 70 92 61 21 1 9 27 90 47 24 23 6 69 95 67 16 75 57 54 81 87 52 22 33 4 31 63 44 53 
14 19 94 38 70 92 61 21 1 9 27 90 47 24 23 6 69 95 67 16 75 57 54 81 87 52 22 33 4 31 63 44 53 
14 19 94 38 70 92 61 21 1 9 27 90 47 24 23 6 69 95 67 16 75 57 54 81 87 52 22 33 4 31 63 44 53 
14 19 94 38 70 92 61 21 1 9 27 90 47 24 23 6 69 95 67 16 75 57 54 81 87 52 22 33 4 31 63 44 53 
14 19 94 38 70 92 61 21 1 9 27 90 47 24 23 6 69 95 67 16 75 57 54 81 87 52 22 33 4 31 63 44 53 
14 19 94 38 70 92 61 21 1 9 27 90 47 24 23 6 69 95 67 16 75 57 54 81 87 52 22 33 4 31 63 44 53 
14 19 94 38 70 92 61 21 1 9 27 90 47 24 23 6 69 95 67 16 75 57 54 81 87 52 22 33 4 31 63 44 53 
14 19 94 38 70 92 61 21 1 9 27 90 47 24 23 6 69 95 67 16 75 57 54 81 87 52 22 33 4 31 63 44 53 
14 19 94 38 70 92 61 21 1 9 27 90 47 24 23 6 69 95 67 16 75 57 54 81 87 52 22 33 4 31 63 44 53 
14 19 94 38 70 92 61 21 1 9 27 90 47 24 23 6 69 95 67 16 75 57 54 81 87 52 22 33 4 31 63 44 53 
14 19 94 38 70 92 61 21 1 9 27 90 47 24 23 6 69 95 67 16 75 57 54 81 87 52 22 33 4 31 63 44 53 
14 19 94 38 70 92 61 21 1 9 27 90 47 24 23 6 69 95 67 16 75 57 54 81 87 52 22 33 4 31 63 44 53 
14 19 94 38 70 92 61 21 1 9 27 90 47 24 23 6 69 95 67 16 75 57 54 81 87 52 22 33 4 31 63 44 53 
14 19 94 38 70 92 61 21 1 9 27 90 47 24 23 6 69 95 67 16 75 57 54 81 87 52 22 33 4 31 63 44 53 
14 19 94 38 70 92 61 21 1 9 27 90 47 24 23 6 69 95 67 16 75 57 54 81 87 52 22 33 4 31 63 44 53 
14 19 94 38 70 92 61 21 1 9 27 90 47 24 23 6 69 95 67 16 75 57 54 81 87 52 22 33 4 31 63 44 53 
14 19 94 38 70 92 61 21 1 9 27 90 47 24 23 6 69 95 67 16 75 57 54 81 87 52 22 33 4 31 63 44 53 
14 19 94 38 70 92 61 21 1 9 27 90 47 24 23 6 69 95 67 16 75 57 54 81 87 52 22 33 4 31 63 44 53 
0.1
50 93 10 40 44 51 53 62 89 42 20 59 4 68 28 88 52 34 6 36 26 64 19 7 70 45 25 38 49 32 77 33 74 46 97 99 90 5 82 18 65 11 76 57 
42 11 40 44 56 59 57 73 65 18 62 30 36 28 25 43 52 95 91 4 82 64 88 97 49 5 38 48 33 87 34 
42 10 40 44 45 56 81 85 59 71 73 64 99 49 28 50 88 52 94 84 18 11 67 7 25 77 46 32 89 
50 44 2 6 7 9 43 99 32 56 86 28 73 76 3 67 97 58 42 31 66 52 70 94 87 78 46 59 77 82 61 14 5 48 80 29 88 64 
19 52 7 39 43 57 71 53 61 88 2 42 90 11 10 33 6 78 25 73 50 87 97 4 56 70 
42 79 5 51 56 63 67 91 70 94 3 96 44 97 30 9 82 66 46 99 10 61 49 77 38 88 80 50 20 58 68 87 31 62 89 22 26 14 52 86 48 78 93 
64 94 44 3 4 7 9 48 57 71 97 36 50 56 66 18 70 86 28 52 25 33 42 59 19 65 87 73 
77 90 63 5 7 44 67 10 70 87 11 74 42 97 73 50 94 96 43 52 2 68 6 64 89 88 99 4 58 53 46 65 78 9 19 81 56 59 71 
25 66 44 62 67 76 32 1 13 89 52 94 39 22 50 68 3 88 27 42 2 74 81 9 43 18 30 45 73 
42 1 6 63 69 79 15 43 11 90 93 91 30 65 10 2 16 25 7 64 87 33 18 50 96 97 19 27 20 31 38 88 22 26 81 68 77 32 67 70 71 
42 11 43 56 52 25 9 19 97 59 
87 36 94 2 66 28 86 18 34 46 6 31 45 49 50 42 57 9 22 14 56 52 33 4 84 80 48 53 
67 2 10 56 70 79 81 45 71 93 27 6 25 97 33 42 96 31 36 76 90 7 50 58 
50 44 85 56 20 74 90 42 46 86 65 9 78 77 7 10 45 25 94 61 11 64 89 66 2 99 93 57 27 6 33 23 53 19 4 81 52 71 
50 10 78 31 41 70 27 59 22 2 6 32 25 90 46 68 93 3 87 88 7 26 97 65 42 33 28 45 9 19 1 49 58 63 76 38 77 64 96 24 43 67 71 79 
67 1 2 43 70 74 79 95 50 58 41 82 16 5 62 63 85 42 54 64 4 87 47 21 24 46 34 88 13 32 97 15 68 45 57 76 
65 7 63 97 2 3 17 35 37 89 38 30 81 75 20 42 49 51 59 76 93 23 61 68 96 64 86 52 54 19 31 28 11 82 6 44 21 16 56 71 
97 95 1 2 4 17 19 53 91 63 46 56 65 49 25 74 31 12 71 85 52 16 50 64 67 11 5 6 81 
67 79 16 32 40 48 70 47 58 12 44 63 49 42 46 50 45 57 97 20 34 88 100 89 38 13 30 4 15 22 82 69 25 18 77 36 
19 63 70 2 9 10 45 56 71 81 50 27 96 7 31 25 38 78 86 18 4 3 11 76 6 52 95 94 80 67 5 24 54 53 33 90 42 66 
42 53 79 41 62 81 63 67 16 17 69 93 4 6 31 20 22 38 47 82 73 
97 5 40 56 99 10 17 32 19 44 20 2 68 78 14 46 77 24 79 50 3 64 52 88 
52 17 95 43 73 60 23 88 46 42 6 28 2 64 94 87 37 9 38 48 50 19 67 96 53 63 93 
52 67 70 56 9 34 53 63 81 91 4 44 49 68 36 20 89 19 31 76 6 38 18 97 79 54 59 61 77 95 14 99 3 64 50 88 33 11 58 
42 10 44 56 81 48 52 65 71 89 67 7 36 33 85 11 46 50 4 27 88 32 59 
50 27 11 52 63 74 44 83 93 99 31 59 33 70 19 42 2 46 97 65 90 3 25 9 88 76 64 7 14 77 61 87 
52 18 17 40 56 59 73 99 81 65 79 28 3 27 71 25 13 45 80 22 38 7 64 31 23 82 94 97 88 5 33 11 10 14 77 29 44 50 66 9 42 
67 1 10 45 48 53 79 81 97 20 7 25 69 78 43 6 28 5 49 39 3 17 33 76 42 52 65 18 71 90 50 58 73 
42 11 16 40 89 56 59 12 50 97 52 38 49 19 67 82 30 88 46 66 85 63 28 32 47 
42 99 10 40 56 81 32 3 14 52 71 49 7 5 82 50 28 36 97 89 11 46 38 45 34 66 88 48 59 78 
50 10 42 44 52 71 99 98 11 58 56 61 5 38 74 46 2 19 25 59 89 14 31 3 6 4 90 26 33 20 68 77 97 78 64 
42 59 10 31 44 48 81 89 65 71 28 97 34 54 67 85 3 50 52 11 5 93 12 7 87 32 46 38 88 33 63 14 82 
52 65 2 25 40 19 94 33 28 36 4 91 86 44 27 95 82 66 96 89 76 64 61 30 29 47 50 93 77 20 21 97 99 34 67 
31 48 92 15 20 69 16 36 33 88 30 83 63 32 25 34 67 50 65 81 28 19 4 42 89 12 64 6 
64 10 67 45 9 52 57 32 13 24 42 41 2 3 5 50 22 1 25 68 97 62 88 
25 31 2 40 44 89 32 65 71 90 59 46 64 61 52 85 42 67 49 77 28 19 6 5 4 33 50 97 7 76 11 
42 22 43 41 9 3 67 19 45 76 97 13 25 24 
19 7 39 43 81 85 52 53 50 16 33 2 42 73 11 71 25 63 4 10 90 61 3 87 97 88 6 56 57 59 82 
64 5 44 45 62 67 11 39 10 60 76 50 87 15 90 33 77 22 32 4 2 25 41 73 98 19 18 24 3 68 88 30 13 57 1 42 6 43 53 
52 65 2 9 10 40 69 81 85 19 94 17 27 95 97 71 33 5 28 53 66 25 99 18 36 84 44 76 64 91 86 6 22 50 11 23 61 77 
50 2 10 56 69 79 81 85 11 7 32 1 42 93 31 5 87 3 71 98 90 6 38 46 49 33 62 58 97 30 67 89 59 4 19 22 88 26 63 70 64 14 68 96 
89 61 10 52 39 99 77 14 82 58 26 68 6 7 11 73 5 38 87 64 46 42 2 3 50 19 97 71 74 9 88 90 76 57 1 43 56 59 
31 7 21 48 56 76 85 32 45 66 78 97 18 14 38 28 89 49 63 8 5 46 54 50 3 27 42 22 25 19 88 13 67 
44 2 25 85 88 58 73 97 5 18 1 96 15 42 56 43 65 95 64 79 57 67 68 52 74 75 
64 53 1 2 4 17 11 51 96 44 6 56 50 52 71 95 68 65 74 85 19 76 33 31 67 80 93 12 46 97 5 49 81 
42 11 94 21 52 25 64 73 9 18 28 59 19 86 2 77 66 
42 9 11 85 94 56 89 86 87 46 52 24 59 67 50 48 66 
52 1 39 40 85 77 94 44 88 43 49 74 6 73 56 5 30 42 25 68 64 87 67 53 65 97 91 
19 99 58 7 71 52 53 89 3 42 2 61 70 74 11 56 14 77 10 31 20 90 59 68 50 33 
52 49 9 39 40 62 66 82 65 99 33 18 20 89 93 94 86 46 97 77 60 19 25 87 4 42 64 50 22 38 48 26 27 44 
67 59 56 70 40 44 81 89 45 65 2 71 80 85 97 25 19 61 27 3 42 33 38 7 49 46 77 36 50 99 93 26 52 95 11 30 64 31 22 82 96 
31 15 25 66 70 73 79 97 10 7 69 42 30 80 54 68 64 88 2 58 81 90 50 9 94 93 32 77 52 71 
52 81 1 10 39 40 43 51 83 26 73 97 68 20 82 44 6 49 33 64 86 11 65 42 87 58 93 67 56 62 89 71 76 85 
42 31 32 69 79 11 62 70 15 19 65 80 10 33 22 77 67 5 6 71 9 87 30 26 2 57 7 50 93 14 3 81 25 96 
97 10 11 40 44 52 48 88 43 19 99 90 87 25 2 64 42 77 73 9 20 56 59 
97 11 43 44 10 27 42 33 77 2 46 4 26 93 19 22 87 25 50 64 65 88 67 48 52 56 59 73 99 
87 89 44 1 2 9 40 43 45 48 70 79 56 94 19 33 58 31 16 82 5 95 67 96 66 38 22 28 50 78 42 52 30 14 46 64 99 21 77 74 97 76 84 23 3 61 86 
50 42 27 44 57 70 93 99 11 2 59 31 68 63 19 38 7 74 39 65 9 77 46 64 97 52 25 33 76 71 
22 97 2 9 43 86 27 65 13 44 70 93 5 67 42 33 87 20 58 76 49 45 66 88 6 50 80 90 94 95 3 63 83 79 
52 1 9 39 43 53 66 83 38 59 85 5 97 33 6 58 80 87 19 93 42 65 74 64 95 50 14 56 82 76 86 67 78 
25 3 11 40 43 44 52 10 61 65 5 6 46 26 73 19 64 1 42 90 45 28 87 77 66 50 97 38 82 16 14 48 89 76 78 98 56 59 
52 1 2 9 17 30 53 71 58 97 63 49 65 56 31 12 67 86 68 64 85 16 5 74 11 6 81 
42 27 7 9 48 66 69 70 79 97 32 38 94 31 50 86 36 4 34 93 67 33 6 22 81 
42 10 40 45 56 71 81 89 3 4 30 31 97 88 5 49 46 34 52 7 50 32 38 18 28 22 11 99 82 36 48 59 78 84 
67 42 52 64 9 10 16 20 40 44 45 56 81 86 53 71 82 99 31 5 85 97 12 34 77 90 55 74 58 11 63 28 57 30 50 76 46 14 70 19 3 59 13 6 7 89 84 47 66 
28 59 71 17 23 43 44 52 26 67 4 11 6 2 77 65 32 25 88 19 7 87 60 64 10 54 22 38 73 50 49 
52 81 65 83 18 40 56 57 44 59 66 13 27 67 99 3 50 28 30 42 2 71 5 97 80 22 38 31 9 46 11 10 14 33 45 82 85 87 
42 97 56 2 9 11 40 43 44 45 48 70 89 33 94 52 78 61 18 6 90 85 66 50 87 88 64 77 14 46 49 22 19 38 3 86 59 67 63 99 30 58 
64 7 23 39 41 56 59 11 44 71 94 43 87 33 25 60 50 4 3 10 77 81 73 61 6 96 18 93 42 65 19 53 28 68 52 37 2 22 49 88 
64 7 46 67 3 6 18 41 50 63 66 81 88 89 78 44 99 70 52 31 97 42 77 95 56 49 14 20 96 33 61 38 11 19 28 53 80 5 68 90 65 
42 2 5 31 41 43 70 26 22 33 97 78 24 90 88 10 6 96 77 45 3 46 64 1 25 76 50 19 38 7 58 48 98 87 68 63 32 14 56 67 79 
50 1 2 9 10 40 41 79 81 11 13 66 4 3 57 26 6 22 99 46 28 58 38 19 45 27 42 76 30 90 94 7 31 53 64 33 63 67 54 49 85 52 71 86 
77 44 2 9 11 70 86 94 85 93 46 97 34 88 3 42 50 67 31 64 18 25 96 84 95 52 90 89 27 59 99 66 38 56 
42 10 83 81 44 11 71 65 7 52 93 33 
67 1 2 9 10 44 63 81 86 66 45 71 42 11 6 62 50 57 18 77 76 4 64 94 88 13 3 52 7 90 33 68 15 25 53 
50 97 34 48 78 9 11 43 44 45 57 94 52 84 33 6 85 87 88 66 100 42 46 49 38 3 98 14 89 77 67 63 90 86 53 30 18 22 58 56 59 70 
77 44 11 43 83 94 52 9 6 97 59 18 58 42 19 33 14 86 50 99 66 2 67 80 61 87 64 76 73 
42 59 70 10 41 46 66 89 11 5 38 51 53 97 68 96 93 6 65 7 26 80 62 20 52 49 28 82 31 63 33 50 81 83 
64 44 56 59 66 23 25 52 11 46 94 28 60 97 89 86 22 61 50 18 58 3 81 88 32 10 9 7 2 
42 27 48 4 8 78 73 1 50 3 57 54 88 46 87 99 25 63 67 71 14 97 22 30 38 31 5 15 45 47 66 85 98 
25 59 94 8 9 17 27 65 52 42 76 11 66 28 64 89 67 36 19 97 4 54 7 32 77 86 33 5 46 61 50 57 85 
63 71 48 56 85 99 74 36 82 68 64 88 34 52 46 97 12 79 44 87 3 17 20 32 5 4 77 91 24 57 38 47 72 53 
42 5 7 9 46 48 85 12 83 44 3 65 86 38 97 56 54 63 33 52 59 28 66 
42 10 46 48 56 3 5 11 7 78 14 97 52 81 38 71 82 66 
42 10 16 56 74 81 44 48 89 4 5 64 77 97 50 52 63 67 12 11 57 46 47 13 3 87 25 14 69 59 82 85 
42 99 10 40 48 56 81 3 45 97 11 67 14 38 46 52 50 85 89 7 71 5 59 
64 6 46 2 4 35 50 18 44 41 53 71 11 25 28 38 95 33 42 52 78 82 5 56 19 65 69 68 31 7 37 96 49 51 66 81 
97 31 2 7 9 10 66 70 45 81 95 94 65 33 16 76 63 5 93 71 14 1 27 4 42 52 64 28 80 50 58 20 32 86 3 90 67 25 79 85 
32 2 1 81 59 85 31 97 25 8 20 96 34 46 69 33 90 57 38 28 67 93 79 27 4 19 5 44 50 15 49 45 35 84 91 
42 9 41 67 45 48 78 5 76 94 86 36 46 52 34 4 3 22 66 20 38 14 79 
19 53 6 43 60 62 24 38 42 67 25 2 3 87 33 41 76 22 90 50 32 70 98 39 9 4 45 57 
31 20 79 85 3 56 66 78 10 82 7 5 30 64 52 59 14 71 19 50 8 2 46 38 99 54 97 69 28 25 17 44 32 68 90 
65 10 42 4 3 39 44 57 66 81 90 92 88 21 38 9 56 50 25 31 86 76 20 33 36 89 11 2 59 6 77 19 64 97 7 52 46 93 61 26 28 71 
42 9 66 44 65 86 52 33 
67 79 1 2 9 66 69 95 31 42 70 86 33 5 78 57 52 81 93 27 14 80 94 6 74 83 30 65 20 50 44 
50 2 10 45 53 56 81 20 32 97 49 42 26 76 46 83 36 31 5 4 19 34 33 38 22 24 90 67 7 27 3 58 64 65 89 13 37 52 70 71 
89 14 66 78 10 2 20 52 39 82 77 6 42 26 11 4 49 88 56 7 50 38 19 36 87 61 46 57 51 5 64 9 45 25 3 97 1 59 71 90 93 
52 56 59 76 24 2 68 5 25 67 97 
44 66 82 56 85 1 6 63 99 87 89 15 95 5 30 14 38 46 20 67 31 77 97 64 4 79 61 52 3 36 
42 45 48 73 76 32 44 18 27 25 49 96 84 22 3 28 80 62 94 31 64 4 67 88 13 99 81 
97 10 11 43 44 52 2 67 70 59 99 82 46 31 19 33 93 25 26 9 68 87 65 50 42 77 56 20 88 89 64 28 61 36 90 
0.2
96 54 13 34 68 24 41 61 64 70 77 92 95 100 18 47 83 2 36 81 39 40 14 79 69 75 22 15 9 90 62 80 84 25 20 33 67 88 53 85 89 94 
10 29 30 45 67 76 86 17 21 22 57 3 80 62 4 14 59 35 78 96 6 90 56 71 38 53 81 83 
2 94 7 24 41 50 53 70 76 80 88 87 73 81 91 13 90 62 75 54 84 96 14 68 43 3 69 39 67 79 
33 5 22 55 62 4 7 18 29 34 66 71 73 74 84 86 90 83 2 49 56 10 45 13 36 59 81 80 44 54 21 76 53 69 92 67 57 96 14 47 20 35 38 78 93 
33 3 34 5 18 29 95 97 99 70 74 71 96 22 13 85 54 67 20 76 90 45 79 17 2 4 30 93 81 44 57 82 100 41 14 69 38 73 80 
96 40 2 64 91 78 31 39 80 62 10 11 24 49 81 36 51 71 75 68 19 
44 98 6 31 38 37 47 57 41 18 45 100 83 67 69 13 66 2 58 8 55 99 3 72 7 52 43 15 42 12 97 
38 79 28 5 7 21 29 39 60 70 73 84 74 86 96 80 55 57 83 58 78 76 53 81 14 22 45 4 17 18 52 13 67 33 54 90 71 23 34 49 
79 17 94 13 70 32 61 69 81 2 96 90 84 75 68 9 66 34 44 33 80 62 57 
14 70 74 7 23 34 73 3 96 80 42 79 69 22 39 54 81 41 100 20 25 53 55 67 90 85 33 13 2 
2 78 81 94 48 80 36 61 62 96 13 25 53 47 39 14 44 69 4 40 54 75 93 67 79 22 70 71 18 52 42 66 90 100 11 20 33 57 
4 21 29 61 98 49 82 45 57 66 76 80 42 90 3 46 17 54 96 34 41 88 81 69 62 14 39 67 52 13 38 33 86 
90 46 7 74 12 15 16 28 35 45 57 79 69 2 3 67 55 76 80 77 21 10 4 93 73 13 81 23 14 33 71 83 49 86 
22 93 80 7 29 34 36 41 49 63 66 70 74 82 86 95 42 88 53 54 76 3 100 96 57 45 14 39 55 69 15 38 33 2 20 67 17 71 90 25 4 81 62 
39 94 7 29 32 81 61 26 90 45 82 62 75 49 96 33 79 21 15 67 44 59 78 53 80 13 2 36 31 68 88 69 
81 43 16 61 7 12 37 41 63 65 70 73 74 93 96 97 2 90 57 3 25 55 68 54 92 14 36 80 79 11 33 50 6 71 69 13 15 39 67 83 4 100 23 34 91 
14 86 1 32 41 96 73 2 5 24 49 80 78 92 68 90 93 33 7 45 10 79 44 69 38 15 54 81 13 71 94 53 3 23 76 9 28 
67 80 29 56 76 86 17 5 21 34 90 44 39 96 13 11 42 68 81 45 63 73 84 55 47 71 53 14 69 57 32 38 10 83 54 20 2 33 52 88 65 70 74 
83 28 5 21 29 56 62 73 74 76 84 86 96 19 34 35 39 55 22 53 69 52 44 93 80 31 90 7 23 81 4 57 3 59 45 10 13 42 
14 17 69 7 13 41 53 66 70 38 73 58 22 90 88 2 54 84 3 80 62 96 79 52 4 33 49 68 25 57 75 34 94 15 81 
14 65 74 80 54 41 70 71 42 83 69 79 3 53 55 20 57 33 39 13 2 90 81 
20 73 77 35 63 68 99 67 28 81 47 64 88 54 79 41 17 53 71 18 15 69 4 39 74 94 2 30 14 16 13 85 
14 1 29 41 48 50 73 74 100 4 3 81 87 18 90 77 30 86 38 17 54 42 78 39 45 76 96 57 33 82 71 67 69 22 85 21 2 13 
14 48 74 80 3 71 73 45 30 2 69 13 76 38 42 90 54 15 34 79 81 55 57 31 84 4 41 67 39 87 33 62 
96 20 2 40 10 19 69 99 70 5 42 89 32 93 62 36 68 82 13 54 81 61 64 
68 42 57 15 28 45 46 50 65 88 97 12 13 16 60 85 23 54 62 83 58 96 3 94 51 52 82 35 25 31 2 77 33 24 39 81 90 37 14 6 63 93 91 79 
42 56 74 4 48 11 55 17 92 66 69 36 43 93 10 35 3 52 14 13 87 96 5 80 57 44 53 22 90 67 63 25 37 62 71 88 2 68 41 73 81 100 
14 7 44 45 57 71 79 81 29 76 17 51 54 22 13 21 69 59 52 30 41 67 82 4 35 62 31 25 3 
2 21 29 33 3 81 73 25 78 69 43 82 90 26 53 62 36 68 84 96 59 4 34 13 39 75 80 14 54 79 94 24 41 
14 7 74 70 73 2 34 66 39 69 80 3 41 58 54 37 79 22 83 52 71 55 49 62 95 57 4 13 33 90 50 64 84 81 100 11 85 
73 3 60 94 41 74 16 43 69 81 62 22 49 68 39 23 85 14 53 96 31 79 47 84 2 54 35 57 13 70 75 82 33 7 44 67 24 65 
2 58 74 12 35 43 50 63 70 80 95 23 41 81 16 77 69 47 73 22 25 67 14 79 51 96 39 31 55 53 83 13 33 18 87 28 44 85 7 54 93 90 34 4 
67 81 94 5 48 80 3 16 61 25 13 49 79 87 78 33 47 73 39 4 83 90 69 88 2 15 14 41 54 
4 73 5 28 60 61 70 19 46 65 25 96 14 3 92 36 79 38 10 94 54 37 49 99 33 69 52 90 39 67 80 30 15 93 42 57 83 2 71 17 53 
81 41 13 22 83 14 54 4 69 71 67 62 100 57 33 3 90 
86 43 64 70 99 13 29 84 44 76 81 58 11 42 32 71 80 7 67 25 21 24 8 54 4 33 36 5 75 93 97 2 10 14 69 27 51 17 72 52 82 20 56 89 
90 66 62 12 74 95 37 3 100 13 79 96 4 54 81 49 14 69 41 88 80 71 53 57 67 
14 16 21 24 29 65 74 80 41 76 5 67 70 13 57 39 81 4 82 96 84 17 45 54 83 20 15 73 3 33 69 2 42 34 90 71 68 12 
67 29 41 57 60 61 16 21 28 49 75 23 55 38 86 42 81 54 4 52 33 3 39 63 80 69 14 18 25 46 62 50 17 13 45 76 
10 68 69 13 92 96 38 57 56 100 37 80 14 83 3 55 22 59 7 67 81 41 93 30 71 66 27 90 97 78 35 73 91 
62 15 38 13 56 8 90 25 51 18 54 26 80 47 68 2 59 4 78 31 11 52 83 53 14 36 
69 56 24 41 52 53 80 88 86 39 38 91 4 31 45 57 14 54 49 83 76 67 55 47 59 81 90 33 13 3 
14 48 74 80 7 21 29 41 43 50 82 85 86 34 71 76 38 39 54 69 42 73 22 17 2 53 4 87 96 55 45 57 67 3 77 100 33 90 81 13 
31 62 9 73 24 76 89 35 91 13 81 2 83 78 68 77 96 79 75 39 54 25 34 17 67 84 44 47 57 11 85 53 14 59 33 69 61 90 
13 92 7 11 26 36 44 50 68 70 74 80 62 5 16 81 79 22 90 39 67 47 93 54 82 51 2 49 3 100 14 41 25 31 69 52 97 4 84 58 66 73 
69 5 21 29 34 58 70 74 97 100 80 41 79 45 46 93 71 90 3 84 49 67 54 81 83 38 75 57 13 14 96 66 82 62 4 47 33 76 
14 60 12 65 74 98 72 96 41 2 3 80 81 33 88 49 69 54 4 71 90 13 67 100 38 
2 38 81 40 48 11 13 36 73 78 62 35 75 63 88 96 67 90 34 80 39 54 44 53 47 8 87 52 18 
14 80 19 21 29 38 53 82 8 81 55 62 31 42 45 66 71 4 11 6 83 96 30 44 57 15 33 7 90 78 97 10 17 36 65 22 25 69 52 93 13 54 86 67 3 76 99 
14 17 1 2 4 29 37 45 49 57 70 72 73 74 92 69 96 80 71 52 42 3 82 86 41 58 93 33 23 98 76 54 81 68 83 90 22 21 13 67 39 30 38 
14 28 74 34 73 78 79 77 94 81 10 67 31 88 71 90 69 25 2 15 53 33 13 96 
14 87 97 3 24 38 48 89 90 17 80 68 76 86 92 93 39 54 27 69 73 4 67 21 36 57 25 43 10 42 53 45 71 79 30 37 66 82 29 33 78 13 15 22 11 81 41 
96 54 90 11 15 73 47 80 4 34 62 10 52 83 88 53 58 67 81 59 69 84 13 63 3 71 17 49 68 55 14 44 98 38 64 74 75 91 
13 74 22 24 70 89 3 80 96 81 30 71 55 33 79 20 54 90 41 100 69 99 2 
69 51 29 48 56 71 74 76 3 38 97 96 81 22 45 25 2 54 82 93 14 83 27 17 4 35 57 13 21 26 67 62 46 80 33 8 53 41 90 31 66 
10 7 22 5 24 58 29 43 79 84 89 2 21 34 85 23 42 13 55 81 4 53 57 76 90 25 33 68 71 80 17 3 20 39 73 70 14 67 82 83 54 86 96 45 50 62 74 97 
80 17 35 37 56 66 73 92 3 43 99 59 93 50 55 79 68 4 81 14 52 13 31 23 39 46 71 67 49 57 60 42 74 
69 24 35 56 25 96 3 54 80 81 37 90 59 4 52 39 41 13 67 33 2 31 83 
14 42 79 80 4 21 24 28 29 36 41 48 50 65 66 71 73 81 85 16 76 86 87 34 96 15 22 83 69 45 75 39 54 2 90 55 23 67 100 13 3 53 88 33 62 
13 4 7 21 29 32 35 66 91 97 88 96 17 63 54 3 57 81 24 93 22 52 67 68 53 69 78 71 55 14 80 83 5 76 15 45 90 33 38 6 86 
69 86 2 12 29 39 41 43 48 65 75 3 71 5 40 79 81 67 33 45 35 24 93 54 36 42 15 14 83 17 30 62 66 68 4 20 53 92 44 32 57 72 13 87 96 21 73 82 90 
67 41 48 62 71 82 54 3 49 61 81 4 39 38 42 87 80 14 2 73 45 90 36 69 50 76 33 15 13 57 79 24 88 
2 10 69 81 91 64 68 75 13 44 40 96 4 90 62 25 23 39 42 67 84 53 94 59 52 80 
81 49 2 40 7 13 32 14 62 35 79 84 33 96 68 90 75 11 31 67 39 
55 78 28 80 96 97 81 47 17 49 99 43 13 18 39 79 14 52 69 54 42 74 38 90 22 33 67 20 30 4 83 25 77 34 44 53 58 93 100 2 70 85 95 
90 41 69 91 44 58 80 88 81 7 75 62 4 17 94 49 67 3 96 68 54 84 15 79 2 14 11 53 
67 17 29 37 61 70 73 79 88 76 90 92 23 58 69 3 45 83 78 4 86 81 46 80 63 68 74 13 96 93 52 33 38 14 
67 2 41 74 88 91 37 16 38 42 79 3 81 49 84 45 69 54 35 75 68 52 15 96 80 83 39 57 44 47 8 13 33 92 90 32 61 73 93 
67 7 21 29 37 41 42 49 62 66 68 70 73 86 88 76 79 53 38 45 92 36 71 4 15 93 2 20 3 90 69 54 55 80 14 81 
39 11 80 96 10 12 19 40 50 53 62 63 64 70 95 97 55 34 36 73 20 13 52 31 18 54 58 30 74 47 77 90 33 44 85 16 14 2 22 15 42 67 69 100 49 88 89 99 
45 21 86 97 22 88 26 56 29 79 78 76 39 3 68 14 75 15 66 41 42 4 57 6 52 53 82 69 2 87 43 24 67 59 54 58 71 81 
14 97 5 7 21 29 41 45 65 74 86 70 49 57 17 3 2 25 4 90 84 96 20 67 93 54 81 33 24 79 68 71 55 76 13 
47 2 62 49 16 17 35 39 42 48 50 56 57 59 75 95 11 67 96 15 22 100 44 53 66 36 63 55 40 14 3 93 79 10 80 90 69 13 81 99 
14 29 48 69 73 81 82 91 95 99 66 80 34 38 39 45 30 76 57 42 96 54 87 71 33 100 53 86 90 2 63 67 22 17 77 13 55 
54 17 70 5 7 13 21 29 37 41 45 56 59 60 64 66 73 74 76 79 99 42 96 28 44 69 92 90 18 58 9 52 80 25 38 93 4 55 3 10 71 33 2 23 31 14 67 22 15 83 11 46 49 68 86 
96 8 47 38 61 70 85 94 17 75 13 58 53 67 83 7 33 59 79 4 11 44 31 54 2 15 39 25 52 78 81 68 88 62 71 18 90 14 80 91 
2 50 60 61 7 10 13 62 80 91 85 14 99 44 4 90 28 40 30 51 77 42 67 20 33 54 39 31 53 70 96 64 23 22 94 88 52 19 68 
14 2 17 29 40 76 86 99 3 21 38 66 96 42 45 30 48 81 13 69 34 54 100 74 4 50 22 67 39 36 33 90 87 77 35 82 57 53 80 41 
69 10 51 76 21 29 48 56 71 3 81 94 96 4 59 13 35 45 2 93 14 54 90 36 15 31 82 57 83 53 25 62 27 80 33 26 41 
78 5 36 1 48 65 13 73 26 81 2 71 82 87 69 75 42 45 21 24 93 90 27 67 4 17 54 14 84 57 96 15 41 62 68 39 33 100 3 83 79 29 38 80 
2 5 56 70 35 3 9 96 11 33 66 39 17 4 80 90 14 81 94 41 59 75 31 54 46 67 86 10 79 69 32 62 24 36 
14 2 21 29 48 66 17 49 86 73 42 34 36 87 41 57 71 82 54 23 90 4 67 93 33 22 18 39 50 69 3 81 38 53 55 13 88 45 26 80 76 
14 86 92 3 5 29 38 56 73 76 62 2 30 45 46 57 97 66 81 90 68 93 4 24 72 52 27 54 31 26 53 22 25 67 78 51 82 80 83 41 69 35 13 71 74 
14 28 46 57 24 66 71 17 29 49 21 55 41 81 3 38 98 96 82 33 54 86 80 67 30 4 2 45 90 69 13 65 76 
14 1 72 63 37 41 71 80 69 58 55 90 2 4 54 3 39 83 52 46 79 13 81 23 74 33 67 
67 55 35 39 58 70 91 56 29 46 96 80 78 83 31 3 17 79 97 45 81 41 59 82 71 26 14 90 54 13 21 69 27 33 57 4 52 38 76 88 
2 42 3 41 56 62 66 73 92 69 26 35 79 17 24 93 90 33 68 82 31 13 51 54 14 81 
53 61 84 11 13 62 38 98 81 70 54 66 39 90 18 80 47 82 33 14 2 52 20 8 78 96 
2 3 87 7 12 16 23 32 34 43 44 46 50 63 70 88 89 96 24 74 78 62 66 47 11 18 13 20 33 38 9 52 54 58 79 22 55 60 90 49 67 39 85 41 53 80 100 69 81 
3 84 28 39 43 75 99 41 6 40 60 8 96 55 10 14 79 13 76 44 22 58 7 4 19 2 51 52 25 17 31 38 49 42 64 67 
67 24 41 94 13 7 88 20 62 91 36 11 49 81 33 54 61 25 26 15 39 68 47 75 14 2 84 80 96 90 79 69 70 
33 34 29 40 76 66 3 48 71 74 62 81 13 45 17 54 73 42 44 18 21 35 69 39 36 80 67 22 26 82 57 100 46 53 14 90 87 93 4 85 41 38 50 86 
14 38 65 96 74 37 15 69 49 57 80 60 2 81 4 33 53 71 90 13 55 79 67 28 
55 28 74 5 21 48 39 84 3 81 35 41 43 18 33 69 83 87 15 17 100 67 78 36 79 30 96 31 13 54 59 26 73 34 88 93 77 2 14 53 22 99 90 16 50 80 
14 26 46 70 74 80 25 51 65 76 23 4 90 82 93 57 45 84 15 62 79 55 69 81 17 53 2 31 71 22 67 77 38 96 
39 32 69 41 24 5 22 2 80 82 47 75 27 11 7 90 49 73 14 68 79 84 36 20 62 54 96 26 81 67 33 70 
68 41 69 81 88 23 38 66 8 3 96 62 15 54 63 33 53 94 39 47 79 24 18 67 78 80 25 13 61 75 83 14 58 91 
10 7 25 57 21 29 43 45 56 58 79 80 86 39 55 97 44 11 90 76 22 2 81 20 13 84 23 70 52 4 14 17 42 53 54 73 74 71 38 67 83 
52 82 69 43 56 70 17 37 42 74 3 80 2 96 57 14 99 10 39 93 55 41 4 38 72 13 54 44 90 53 83 
39 3 58 80 7 36 50 66 69 70 88 100 94 13 73 43 31 67 54 62 34 33 75 2 79 90 14 96 53 84 22 81 
14 1 74 88 54 41 3 79 71 13 80 83 4 2 81 57 37 100 33 55 15 69 67 90 44 
0.3
15 50 80 28 35 52 70 23 3 4 6 37 13 58 57 49 90 63 98 30 46 99 34 67 22 53 43 76 18 1 89 88 16 45 38 66 83 32 
16 82 97 59 43 63 76 28 94 40 15 57 85 37 45 77 90 88 36 23 99 25 4 81 22 84 7 11 18 75 100 
74 78 93 8 47 50 52 68 71 28 31 23 34 84 49 57 55 21 33 37 42 88 4 99 18 16 81 65 90 40 13 36 96 7 30 70 15 45 100 83 61 80 
74 40 62 73 93 7 28 34 59 64 88 68 100 37 90 4 38 80 13 14 19 99 49 58 83 15 77 10 55 30 42 82 
43 60 49 85 17 19 28 32 38 64 69 76 89 24 84 72 79 18 100 12 22 4 88 34 73 75 25 52 21 67 81 13 31 9 58 63 20 50 3 83 16 68 77 48 37 7 54 59 74 90 95 
68 15 28 70 81 92 97 100 37 91 48 77 1 12 38 83 13 4 57 23 30 84 60 34 65 16 93 96 98 
42 32 55 95 17 44 69 76 85 23 74 57 37 13 7 49 43 52 79 22 35 100 64 16 67 36 66 61 33 24 84 38 50 31 99 28 18 72 81 80 73 70 
22 15 81 7 34 37 66 73 12 35 41 74 26 57 30 3 90 36 62 43 38 40 80 65 88 99 53 83 82 2 20 23 54 48 94 52 49 42 28 93 51 77 71 
90 21 38 72 78 98 64 37 47 95 49 66 93 50 57 71 3 7 30 82 68 54 14 88 35 13 28 67 70 73 34 81 4 18 52 39 42 
31 74 34 36 48 56 72 75 79 92 5 78 16 20 55 84 52 73 83 66 76 12 95 80 50 69 100 7 14 13 23 10 45 17 3 46 71 41 64 85 
18 1 57 92 42 23 62 72 88 16 31 73 38 99 12 55 47 81 83 37 3 27 95 100 90 69 74 54 52 33 32 68 39 5 22 14 61 66 13 65 67 93 
7 55 29 20 69 25 27 72 75 73 71 100 99 83 79 52 66 3 9 24 33 48 13 42 22 43 39 80 17 23 96 31 18 77 81 60 95 
18 8 83 47 7 12 23 80 21 50 16 66 44 63 59 22 38 90 98 31 52 4 49 58 94 75 6 70 76 34 20 45 24 73 79 88 89 25 29 35 56 
65 4 37 41 60 73 79 49 24 29 2 46 38 15 32 86 81 74 76 68 98 89 1 13 69 5 23 47 16 
23 95 38 61 37 41 47 69 70 79 83 85 7 50 4 25 44 49 30 67 14 90 46 31 77 13 98 96 74 81 42 80 16 84 68 15 3 34 28 22 52 65 73 
14 38 17 47 48 69 92 98 43 23 78 16 58 73 52 100 90 81 49 99 25 80 60 40 22 18 83 67 21 3 39 13 68 7 37 33 30 50 
34 28 48 73 86 2 21 53 81 95 62 57 83 49 13 1 38 52 74 77 90 15 63 80 14 3 18 84 96 16 30 98 12 23 100 60 65 33 22 93 58 68 39 42 
73 4 28 41 72 21 3 9 55 69 22 30 29 100 15 52 7 40 12 13 79 37 57 81 49 74 48 
83 21 28 13 27 37 41 55 1 19 24 61 74 90 3 53 69 15 31 48 58 59 49 4 52 12 100 95 99 18 42 60 44 36 6 43 86 77 29 67 30 66 75 
32 85 17 47 63 78 28 69 2 8 58 38 88 66 90 51 92 83 50 3 87 21 22 99 43 75 84 18 37 33 73 76 4 67 
69 8 5 42 43 92 13 93 96 41 75 15 27 79 55 52 90 64 85 97 73 32 34 95 53 88 49 74 63 33 6 78 46 37 57 4 14 44 47 84 
16 82 1 45 48 85 10 35 37 76 23 53 4 90 18 46 2 65 84 40 49 81 
50 12 47 70 72 8 60 48 22 80 58 37 100 13 31 44 71 79 30 38 52 66 96 78 92 17 39 99 95 3 83 18 81 
22 34 9 37 50 62 85 86 95 96 17 67 90 16 47 13 83 100 3 64 65 55 14 18 8 49 38 74 31 41 24 46 4 84 
79 9 65 12 37 63 68 61 31 84 49 66 77 83 62 88 17 23 75 33 94 6 69 96 13 99 15 22 53 78 46 4 18 
1 37 23 16 4 73 69 30 34 77 7 79 75 22 89 67 40 61 20 88 74 72 81 18 5 66 21 100 24 
43 12 85 4 100 29 44 59 46 64 24 36 55 87 33 18 74 6 56 49 21 63 96 30 41 88 67 16 93 42 28 95 34 77 99 82 50 61 
67 35 77 78 81 82 46 56 69 39 90 84 5 33 66 36 70 16 49 30 3 37 34 22 23 28 79 73 14 80 93 65 74 4 7 96 83 92 
75 8 32 44 60 72 85 12 18 52 80 98 55 67 38 24 58 3 89 6 23 34 21 41 11 31 46 66 90 28 9 30 83 4 63 70 84 29 78 87 88 97 
59 70 61 37 38 41 46 47 64 66 73 75 81 98 21 4 18 80 16 92 82 35 96 94 56 32 60 52 54 44 83 95 15 30 49 23 25 9 22 57 87 88 90 
3 15 27 28 30 37 50 35 81 82 85 20 76 83 49 74 13 43 57 87 90 88 58 41 12 95 18 80 45 67 42 46 33 75 31 48 84 60 65 52 4 55 29 32 66 93 99 
83 28 42 5 39 48 73 92 98 49 52 8 21 78 18 55 38 30 90 60 80 34 13 7 3 12 25 44 37 33 99 81 6 50 74 84 14 100 66 57 67 95 63 
52 51 70 92 2 27 72 82 89 98 59 22 60 1 38 81 48 62 68 95 53 20 34 17 74 75 83 100 23 16 33 11 12 65 
81 21 41 16 61 55 100 28 79 93 30 3 15 18 69 91 4 60 77 49 13 96 22 68 88 25 40 
23 20 42 51 6 21 16 57 63 86 68 22 12 44 74 67 54 58 73 88 34 7 85 90 77 5 49 52 15 
52 78 98 21 12 28 68 39 80 14 30 51 17 4 49 66 58 81 74 38 92 37 96 71 90 60 18 67 57 42 23 83 50 95 79 73 33 84 
80 3 42 63 98 10 37 61 76 81 95 49 2 39 45 89 99 16 67 33 38 18 53 92 50 23 35 4 14 74 52 84 90 9 75 31 54 65 25 47 96 24 77 85 88 36 13 93 68 73 82 
33 35 39 43 73 71 51 93 2 68 1 90 76 23 46 10 92 67 58 14 34 11 4 9 83 84 81 98 37 41 52 
34 99 8 28 70 96 3 47 64 68 98 50 12 18 11 52 22 95 30 23 7 93 54 42 21 40 81 10 19 44 59 73 
90 32 40 64 76 81 92 5 9 45 82 99 29 78 86 42 68 67 66 98 1 19 34 83 21 27 28 55 31 3 38 56 33 4 95 50 74 14 22 17 24 23 71 13 
90 85 1 89 22 97 8 73 70 99 91 34 66 18 37 23 68 83 77 82 14 65 54 93 25 12 98 33 27 
98 30 5 72 27 32 17 79 7 57 8 23 24 78 22 54 18 39 42 44 52 100 68 66 84 
85 43 1 28 35 39 50 72 92 96 73 86 23 83 21 40 18 58 15 37 42 48 13 79 4 68 99 54 65 12 78 60 3 44 14 95 90 16 
37 28 72 85 23 47 48 29 17 13 7 94 16 95 52 59 44 12 11 22 60 56 83 
13 72 21 28 94 52 70 78 83 84 91 92 11 5 38 24 47 58 80 68 90 100 18 7 49 73 3 34 37 22 16 50 40 25 4 35 61 30 33 65 69 98 
13 73 89 80 4 28 77 52 55 30 3 90 7 21 49 65 15 93 100 58 84 71 74 86 83 57 61 22 5 88 24 
40 2 24 50 53 67 72 74 89 3 12 60 85 18 29 95 87 46 69 44 8 49 41 48 38 55 100 47 13 
80 67 37 41 44 52 61 70 91 73 55 28 48 51 49 22 74 60 83 93 11 90 34 58 59 100 7 14 2 69 66 95 30 68 23 63 33 4 92 31 13 96 84 87 88 
67 39 48 7 5 23 27 29 37 46 61 70 73 74 85 96 21 36 60 15 50 80 45 90 13 35 38 57 86 95 22 71 84 93 64 42 33 81 92 10 75 12 43 62 14 16 32 1 40 11 76 58 34 68 
90 72 91 6 2 75 1 78 96 22 21 23 28 18 73 98 30 42 68 77 24 34 
14 13 27 34 37 68 69 73 79 26 76 30 7 80 28 2 97 3 67 35 16 25 23 90 40 21 61 49 1 78 99 98 22 66 70 100 81 50 
87 23 71 89 55 73 4 81 84 53 45 56 31 69 90 40 34 24 65 22 68 5 98 48 74 1 35 
90 11 65 83 92 80 50 56 39 49 58 70 37 35 16 71 22 21 67 74 40 57 55 100 52 30 4 72 79 42 
52 49 1 8 34 36 60 76 80 98 72 79 7 21 27 74 15 19 9 13 31 77 28 30 73 43 64 69 90 20 59 84 41 53 58 2 71 6 99 55 44 81 100 
71 6 5 32 66 70 72 82 85 97 7 67 68 19 25 59 83 1 54 20 65 44 24 12 27 45 87 90 42 16 4 88 30 14 49 81 79 31 52 15 61 28 63 
99 5 12 32 34 40 50 52 88 71 29 65 59 3 43 90 64 4 2 68 74 56 21 24 36 82 30 77 58 
83 59 11 44 52 70 73 3 4 28 49 2 93 30 25 53 80 40 35 100 15 68 81 13 50 96 37 
7 28 13 21 40 20 49 57 99 12 90 2 43 10 54 30 73 60 37 48 81 68 84 34 35 100 70 89 
93 73 23 28 37 70 78 92 8 20 77 51 98 22 7 1 67 95 34 89 83 52 66 84 30 18 12 50 74 13 96 47 68 
37 10 40 61 92 49 23 82 46 12 77 81 48 30 13 16 95 74 54 65 67 14 7 21 88 
44 35 5 10 23 28 42 48 52 53 60 95 58 61 34 90 6 22 75 55 3 54 38 99 30 7 68 41 47 96 72 64 43 13 37 100 40 62 73 24 88 32 46 69 18 33 74 70 79 14 
60 83 52 73 17 21 44 98 48 47 68 95 38 49 50 70 30 14 18 3 40 39 80 4 94 31 34 78 57 16 58 15 13 84 35 42 92 12 90 9 88 96 45 
84 2 9 12 35 50 70 89 68 6 78 23 32 44 99 1 56 14 21 10 34 40 88 28 41 3 75 67 5 18 90 58 13 22 87 27 29 31 100 33 42 83 45 76 30 72 97 
42 21 37 61 72 7 28 44 83 45 4 74 84 18 20 13 52 16 49 43 30 31 41 3 33 40 90 60 99 95 55 12 88 71 48 76 
13 55 74 4 42 70 60 38 31 100 30 39 18 68 49 80 37 54 45 57 21 73 66 25 71 75 44 7 50 14 22 67 53 92 3 52 90 83 95 
96 17 19 12 18 24 26 72 32 52 65 45 100 84 93 44 83 46 98 20 42 68 54 79 23 13 49 33 34 2 88 36 82 38 47 80 
12 38 29 34 39 42 43 48 51 92 97 27 61 11 16 36 22 37 66 57 3 52 59 41 4 83 60 49 30 18 93 100 40 67 
77 11 52 2 6 48 50 93 3 44 32 57 4 81 55 30 53 59 88 40 84 90 33 36 15 100 10 46 49 74 71 97 
90 28 12 34 53 82 84 85 91 97 58 63 81 92 95 31 2 19 87 47 16 30 38 80 32 13 60 42 21 6 73 54 
14 69 15 72 79 43 28 52 88 81 74 25 49 38 73 55 30 70 83 3 21 58 16 35 90 13 65 77 37 68 18 100 99 33 4 
15 37 36 61 79 48 69 23 12 42 81 43 16 65 55 14 74 95 100 80 88 90 77 83 
90 80 28 38 39 44 85 68 21 81 77 86 2 83 14 74 49 69 58 73 45 92 52 98 93 13 1 15 57 34 42 23 30 33 32 89 53 
74 80 35 6 100 78 93 49 90 37 73 84 69 61 85 72 30 14 5 52 28 81 99 54 13 3 7 67 66 22 
14 6 7 27 75 95 28 23 48 39 52 41 99 57 40 21 3 61 59 92 58 50 96 22 31 78 30 45 79 13 60 9 42 68 1 26 80 18 77 49 70 33 83 98 
90 2 28 48 21 37 49 50 55 78 72 8 30 74 38 34 9 80 35 100 92 4 42 59 93 47 70 81 13 16 96 7 66 31 10 40 73 18 98 
58 42 71 12 44 48 72 87 97 68 24 37 40 28 35 22 64 74 31 3 80 10 41 5 84 90 36 66 7 2 32 99 
30 85 86 23 95 75 32 21 22 66 58 63 43 42 7 16 87 74 73 50 99 54 46 3 61 24 37 68 
34 40 11 17 21 39 42 44 50 61 70 81 92 47 52 3 12 38 66 30 13 57 35 96 59 49 88 37 16 93 23 65 78 31 55 98 28 51 18 33 14 
23 32 50 69 70 79 52 56 83 85 5 90 31 45 37 16 21 93 57 81 18 61 30 40 95 43 59 44 1 33 49 28 73 65 84 34 74 42 99 96 
16 38 8 29 32 85 98 60 6 47 95 3 34 48 7 58 65 42 52 67 37 27 18 49 83 10 30 66 74 12 40 73 43 50 57 39 84 96 56 93 64 
58 85 1 2 10 42 71 12 21 28 73 84 99 43 95 36 90 64 67 54 83 32 69 22 6 37 49 7 50 3 40 60 27 66 92 30 80 51 34 
36 5 87 28 73 76 11 50 60 70 96 74 9 10 34 78 94 38 33 2 32 49 8 42 88 21 71 47 7 30 45 77 31 24 90 39 80 92 86 4 13 23 68 81 85 57 89 14 54 46 22 18 65 84 98 
4 30 95 15 43 37 45 85 46 74 65 34 99 50 44 80 23 83 7 92 49 21 36 13 
10 16 39 32 48 61 64 82 85 95 5 77 24 28 36 88 35 52 46 45 72 3 21 66 71 83 54 57 96 23 49 78 50 37 58 30 7 84 40 34 81 18 75 4 90 68 42 65 70 73 74 80 
18 8 26 42 92 12 16 38 47 52 65 44 2 67 57 80 40 3 21 37 31 50 24 79 49 83 33 36 39 
83 1 34 60 49 30 12 81 95 74 42 90 73 21 40 13 37 48 92 
13 21 80 4 52 72 30 38 42 50 81 49 32 16 3 93 19 90 68 99 53 28 40 23 10 24 33 83 9 25 54 69 92 96 
90 7 41 43 52 66 79 42 91 13 23 55 57 69 51 77 2 39 81 75 65 68 84 58 92 85 18 70 83 88 74 96 25 73 97 
12 22 4 7 9 30 38 47 66 97 31 5 54 76 55 99 81 89 72 67 86 13 58 85 39 42 50 49 40 79 34 
75 2 16 71 55 8 10 15 70 79 97 54 81 95 69 90 9 31 34 58 1 68 18 30 38 4 37 78 45 57 80 96 14 66 83 67 
80 24 41 62 87 84 5 51 82 3 54 94 15 39 69 22 7 58 38 65 33 23 79 18 31 49 77 90 14 67 74 83 73 
23 89 9 25 97 58 12 76 7 52 85 49 67 87 50 15 3 31 34 68 74 64 29 32 4 53 63 13 1 21 95 96 22 30 33 75 84 77 28 44 45 88 
68 50 79 92 39 18 45 52 97 42 49 12 38 70 55 13 84 3 58 1 74 24 100 90 81 87 83 5 57 2 
39 21 68 48 52 12 45 78 79 49 30 13 54 84 42 81 38 57 83 37 80 3 60 58 66 50 90 67 92 14 96 32 73 40 23 33 93 
52 27 36 48 59 60 76 85 11 15 25 28 65 98 19 93 3 34 4 6 33 21 44 83 16 30 49 40 63 77 
35 78 70 53 5 71 68 67 24 100 21 16 30 81 4 69 61 47 40 33 37 55 74 13 52 3 18 92 32 90 8 57 23 72 
93 66 70 79 100 50 81 41 16 8 56 74 55 68 96 13 88 44 69 33 32 92 59 63 31 18 67 27 78 
68 69 79 18 5 93 66 98 58 52 7 83 90 70 89 73 84 1 96 80 13 34 35 33 23 3 22 72 81 24 
15 59 7 11 32 41 70 79 81 25 100 1 3 90 13 40 31 80 99 44 93 49 67 96 98 74 23 22 33 2 42 77 57 4 68 58 51 55 82 95 62 52 83 84 9 50 26 30 28 66 73 
84 98 37 38 99 41 64 73 49 70 23 15 52 16 91 75 28 6 94 34 97 45 18 1 3 96 58 
68 80 28 44 62 92 5 32 75 78 52 77 4 37 84 90 38 39 96 59 21 19 83 49 42 17 18 86 23 64 65 76 74 58 43 34 3 30 99 50 98 70 73 
0.4
90 45 1 2 5 12 25 27 29 48 49 53 63 95 98 6 3 52 69 18 9 65 42 84 58 94 38 31 4 24 21 86 19 15 56 57 59 87 74 8 10 
16 93 6 52 65 81 8 23 36 69 92 22 24 48 49 60 87 70 83 29 10 84 38 95 3 18 19 28 14 96 90 35 31 4 94 47 56 12 30 99 57 
15 6 10 13 96 7 17 48 60 89 93 98 24 86 12 37 83 90 59 54 47 19 4 8 3 14 28 52 58 65 94 38 30 18 9 21 99 40 49 31 35 36 44 53 63 88 
57 56 3 17 53 34 37 50 68 97 100 4 23 61 92 93 64 69 16 33 21 19 67 40 35 28 82 90 15 73 10 51 65 94 18 59 31 84 48 38 49 81 42 52 
90 10 6 23 80 5 7 35 40 48 53 81 97 76 3 17 95 13 58 18 4 92 38 22 75 47 57 85 52 67 84 43 64 87 9 42 65 41 70 37 94 83 45 93 31 73 12 50 63 89 96 
59 8 97 71 80 2 81 96 18 7 42 64 78 31 1 10 51 57 4 38 90 35 43 98 99 
53 52 100 5 7 48 95 97 99 45 96 65 10 57 58 35 84 30 51 56 90 69 83 73 31 3 18 41 34 87 66 54 16 6 40 42 93 33 
6 15 17 65 67 89 29 43 74 86 23 41 87 90 58 84 52 18 9 57 60 3 2 19 42 83 78 94 98 34 96 12 100 59 4 5 69 
83 6 36 50 78 56 21 10 52 67 96 87 49 3 42 38 40 84 22 93 57 18 14 9 90 31 
35 6 7 17 36 37 48 80 87 99 69 4 12 54 31 70 65 40 3 55 34 59 15 38 10 8 74 83 18 42 82 19 28 27 46 66 49 21 89 2 53 23 45 84 96 76 98 60 63 64 
56 16 52 81 5 28 80 95 97 75 43 50 40 6 3 96 31 58 7 4 30 59 53 78 38 35 74 83 10 93 82 23 57 49 34 64 65 84 90 66 
35 6 34 69 80 28 50 87 93 65 30 53 64 19 18 72 17 31 84 90 3 38 59 96 40 70 20 49 33 8 10 9 15 57 98 100 
47 50 75 5 11 53 78 95 48 24 34 63 21 43 74 19 33 13 61 58 71 69 3 64 40 83 18 65 90 14 16 10 35 56 84 97 57 7 41 4 81 39 49 
65 7 36 11 28 29 50 34 23 82 92 12 35 3 81 16 42 93 84 15 8 87 49 32 57 10 2 38 53 
31 10 19 42 69 99 100 1 2 7 17 35 36 44 52 87 22 24 12 40 56 3 49 54 34 28 92 48 74 65 90 55 89 96 6 9 59 38 53 83 23 30 57 13 33 64 4 84 86 93 
57 3 8 28 53 66 19 82 98 14 16 63 94 39 90 38 31 21 77 33 18 35 22 86 59 58 17 83 7 65 81 52 10 40 50 
59 43 84 1 2 8 23 27 71 98 6 29 52 57 87 93 7 3 58 28 74 90 83 12 18 38 21 60 31 82 4 22 30 65 94 24 19 77 63 
3 7 30 8 28 53 80 93 96 88 65 74 83 89 49 52 18 6 46 59 42 82 98 35 57 90 10 38 33 21 40 77 87 32 34 19 15 100 66 
25 43 50 70 96 10 75 97 41 42 55 64 15 2 53 84 58 47 16 8 23 4 78 40 3 90 83 77 38 56 81 48 74 34 57 18 100 65 19 82 
16 34 44 81 50 64 87 97 75 38 66 76 77 93 86 59 70 96 47 63 99 35 83 3 10 51 58 6 82 57 84 19 40 14 78 31 52 100 56 30 
83 9 35 46 53 82 87 13 65 24 34 89 38 57 85 18 86 90 47 40 23 93 30 96 22 84 19 10 71 77 
90 42 80 81 5 43 50 65 97 6 22 17 83 46 21 35 96 3 64 10 70 57 15 52 75 91 38 86 18 40 49 58 53 4 45 19 94 82 84 30 67 78 
52 34 53 65 95 6 16 48 50 56 61 63 97 9 59 13 51 96 72 15 10 58 94 30 64 24 23 20 44 85 86 4 83 69 21 73 81 88 40 54 89 74 93 
65 6 10 2 8 28 43 52 97 98 99 51 1 3 96 41 31 13 90 19 54 59 18 58 35 45 76 95 83 64 30 60 77 75 93 
49 10 88 2 93 95 1 4 12 13 27 29 45 52 60 65 67 72 73 74 80 89 3 82 86 87 19 24 18 31 98 83 84 63 9 57 34 38 15 58 46 90 6 32 71 
18 24 44 43 50 53 66 87 97 6 81 100 93 35 3 37 84 99 8 34 40 82 83 59 30 77 65 10 74 38 
83 10 45 4 24 34 48 76 67 40 19 87 3 71 65 53 38 98 22 47 84 88 57 52 78 12 18 17 23 29 95 13 31 85 50 
65 10 17 81 87 6 25 28 35 52 53 78 97 51 89 43 84 57 38 13 74 90 60 55 30 82 19 16 86 1 23 58 47 34 77 15 40 69 24 83 96 64 4 9 41 100 48 85 93 
90 28 27 42 2 6 11 36 48 52 53 69 79 25 29 5 34 19 99 60 15 59 81 94 12 21 57 23 31 3 56 83 4 65 10 22 82 9 84 24 26 87 
40 42 93 44 48 50 61 66 97 6 12 81 78 53 59 88 94 22 77 20 21 58 74 18 3 16 15 82 90 63 10 57 52 30 56 64 96 4 
59 84 16 10 2 7 17 22 28 36 42 52 66 69 81 96 87 32 74 90 3 35 14 4 58 31 30 57 98 38 50 19 83 34 15 77 100 65 49 33 40 88 21 89 46 
3 96 63 28 35 50 81 10 59 38 49 8 12 21 83 93 17 18 58 15 71 44 20 16 31 40 56 7 32 30 47 52 
58 70 8 9 48 97 28 7 10 68 31 96 64 34 94 49 63 93 83 37 23 65 14 33 18 3 78 35 30 51 40 6 53 99 16 73 77 81 66 
65 81 19 27 50 95 99 15 7 84 96 18 83 40 14 66 49 52 10 30 82 77 3 31 93 38 44 53 90 6 73 56 
10 28 29 35 12 45 86 89 84 7 65 87 81 13 57 33 34 8 9 83 48 22 24 3 31 
15 10 17 24 29 50 63 81 87 97 12 35 7 94 67 38 30 53 42 96 47 16 82 93 90 20 88 18 40 77 3 66 5 6 65 19 
52 1 12 24 25 29 36 54 73 87 93 88 5 7 8 3 59 34 31 18 44 83 13 27 14 65 49 74 64 35 56 90 16 84 45 20 76 4 57 
15 45 63 17 19 29 67 69 76 93 28 71 31 35 41 1 84 8 58 59 16 10 81 3 38 47 90 12 87 55 27 65 57 74 2 21 7 18 11 23 22 36 48 60 100 
59 99 8 13 50 67 100 3 10 4 54 16 7 31 90 63 55 18 78 65 77 98 34 84 35 57 83 38 87 
58 5 16 29 52 57 60 70 71 76 84 97 56 82 2 30 94 21 41 18 19 98 90 9 3 6 64 15 49 4 24 38 88 63 95 
65 7 66 81 87 97 84 44 28 42 35 21 94 63 47 49 67 40 3 64 18 4 52 56 50 58 85 38 90 57 93 83 53 34 16 82 
52 53 89 27 35 72 84 6 12 93 1 24 58 18 13 49 10 81 21 56 38 86 3 30 47 96 9 16 65 91 74 40 63 
65 98 6 19 29 45 54 95 99 5 28 30 64 10 20 21 18 58 31 34 83 96 3 35 44 59 56 93 90 8 32 88 57 52 84 7 27 
20 6 5 13 50 72 74 87 22 73 76 89 65 92 69 64 18 58 24 77 83 52 9 57 10 4 17 3 84 41 34 42 86 90 63 67 100 
90 77 8 28 45 64 76 100 63 5 10 35 50 46 65 18 89 58 12 34 88 16 40 82 21 31 59 83 38 3 7 47 17 74 78 84 49 98 14 54 57 67 66 85 87 95 
10 34 35 43 50 7 51 11 59 88 96 3 81 17 47 65 78 57 30 58 64 44 84 38 41 23 27 71 8 87 56 28 31 32 46 75 82 93 97 98 
65 58 28 35 50 70 97 100 3 7 17 21 52 96 31 10 41 19 93 55 53 69 59 51 6 64 86 30 40 15 74 78 54 23 83 77 63 44 48 75 81 
58 10 28 65 5 46 56 70 72 74 85 93 97 49 63 41 30 78 90 40 38 3 48 82 60 64 55 23 81 83 44 18 19 71 4 20 
65 84 80 28 43 10 90 35 30 38 21 53 3 37 99 15 56 87 49 52 57 40 64 93 96 66 6 42 58 20 34 82 46 77 
10 48 61 75 11 5 50 76 53 31 43 15 84 6 16 19 30 42 26 98 99 65 64 35 82 3 51 59 37 52 56 90 93 81 96 
89 38 8 60 74 5 6 7 13 17 28 35 40 41 43 48 52 63 67 72 73 76 81 82 95 97 33 87 49 9 80 18 31 83 57 58 65 84 22 46 59 64 90 86 15 19 34 93 96 4 10 3 88 77 32 100 24 
65 46 50 93 4 52 3 22 29 70 47 96 14 10 90 30 12 6 18 56 57 16 35 99 19 31 83 85 
3 8 23 50 89 98 19 52 84 54 64 60 90 10 99 65 40 59 14 16 38 29 35 31 12 100 74 57 87 18 83 21 
65 6 80 7 32 42 52 71 78 81 93 2 30 3 8 59 58 5 19 83 13 49 69 64 31 18 23 86 74 15 57 90 40 60 82 28 38 96 35 84 1 9 10 4 41 89 97 
3 2 63 10 12 52 71 81 95 8 50 56 90 88 58 18 59 33 49 38 89 82 24 65 15 19 96 21 98 53 4 16 40 
52 6 1 2 63 74 7 65 77 3 42 72 84 89 24 64 58 93 86 13 19 9 18 49 10 90 99 57 38 41 34 54 20 96 45 76 31 66 
83 6 78 5 27 29 36 48 61 73 74 97 8 12 21 51 56 3 84 52 87 13 4 90 58 14 31 98 17 45 38 88 44 18 49 47 20 34 57 67 82 
15 54 87 2 17 36 53 63 80 12 50 56 66 42 19 34 3 38 88 81 90 84 16 35 76 59 4 10 33 57 21 49 7 93 6 31 98 96 
90 6 36 48 50 91 99 3 53 98 84 19 69 30 29 15 35 42 18 57 64 16 52 96 56 1 10 70 65 38 4 31 81 94 82 93 12 83 49 
51 6 65 84 35 50 53 56 61 76 78 100 38 5 11 31 41 96 18 19 83 87 48 64 98 10 52 59 12 93 33 71 17 42 82 30 16 73 3 81 90 20 34 97 
3 38 19 64 66 77 100 42 60 10 45 23 72 94 82 85 44 74 90 65 46 84 29 18 20 16 12 87 56 47 83 52 57 34 
93 16 6 32 50 61 67 76 99 5 21 46 56 26 68 3 52 24 15 10 14 100 40 84 57 82 59 30 71 87 22 44 83 48 
65 43 95 50 98 14 17 58 87 53 4 3 77 67 12 71 81 6 22 10 40 78 30 83 74 24 31 63 21 18 84 88 54 19 90 57 33 99 96 
65 37 76 13 40 48 81 43 52 89 75 99 95 84 3 19 60 70 6 8 47 4 64 35 16 15 58 57 9 83 24 94 25 10 34 86 85 87 63 97 
31 70 80 20 93 16 50 64 24 28 3 8 65 38 2 40 19 29 95 44 18 15 83 59 85 35 72 52 96 99 49 12 6 10 17 30 82 77 84 69 
65 96 11 50 82 40 44 51 97 23 35 15 30 81 6 14 49 3 16 10 93 36 59 56 7 21 28 77 53 52 
90 31 18 5 6 2 59 65 3 12 19 25 28 29 43 44 45 66 69 95 100 21 16 71 34 33 87 42 85 24 82 73 4 55 30 58 93 56 81 61 63 23 96 68 84 52 
65 48 50 76 97 100 6 63 41 34 53 38 64 10 58 57 3 82 4 49 84 90 83 15 81 87 
58 13 48 50 95 97 77 19 88 10 41 82 38 53 3 69 74 83 81 64 51 65 90 4 14 30 44 6 33 63 93 
85 3 6 35 37 50 65 69 100 74 12 46 77 31 18 94 15 42 84 14 64 82 16 53 61 38 20 90 87 88 10 34 57 67 30 81 95 49 4 
74 52 80 12 28 29 45 60 99 1 69 73 31 2 96 10 41 19 38 56 83 82 65 57 20 17 71 64 18 23 3 84 70 87 4 42 95 16 9 94 88 24 21 58 90 15 49 13 72 46 67 
65 12 24 27 36 50 69 80 82 87 97 8 44 81 38 58 3 99 84 83 25 14 35 10 40 52 64 15 37 19 59 98 34 22 68 31 57 66 79 
90 10 57 63 1 2 6 34 35 36 46 48 69 84 94 53 18 98 3 96 42 38 77 19 74 4 15 65 82 58 56 40 16 21 49 30 93 
49 80 3 5 6 10 17 27 43 44 52 56 67 71 72 73 81 86 93 97 83 41 65 24 74 2 30 4 38 90 13 96 58 19 70 25 46 59 15 64 57 69 89 88 33 23 34 9 75 18 
90 6 2 7 8 10 13 18 76 88 95 97 59 51 28 85 93 1 52 55 54 74 83 77 56 58 14 15 41 35 3 69 65 31 
93 6 8 50 63 76 85 48 84 67 42 57 31 59 99 35 96 38 65 3 43 10 7 56 87 34 37 81 82 
3 10 34 96 100 50 63 95 12 52 72 18 65 84 58 47 24 59 74 87 15 56 19 70 40 49 16 6 31 80 89 57 85 9 
83 63 96 28 10 50 30 56 42 21 67 49 59 93 6 3 18 82 66 90 35 58 40 52 78 81 38 53 64 7 98 
3 2 96 46 50 78 97 99 100 11 55 52 81 38 19 58 18 74 69 6 30 15 65 93 63 10 49 53 56 82 
65 27 36 37 50 80 81 87 93 98 52 83 18 96 7 38 4 3 90 59 63 82 49 6 78 58 84 66 73 53 34 15 56 
10 6 11 43 50 76 97 75 41 69 84 56 79 64 17 58 16 3 71 52 57 74 65 44 81 
6 7 52 95 8 12 28 97 98 65 21 99 22 10 78 50 31 18 96 53 90 58 33 93 35 59 3 54 41 51 46 64 63 15 14 88 83 30 
65 2 6 12 28 29 32 45 69 87 95 34 52 90 80 8 84 92 59 35 30 18 24 89 3 5 1 83 93 31 57 58 15 19 10 96 85 9 42 47 7 49 98 73 99 54 
15 13 65 89 12 23 28 60 95 3 59 52 87 24 49 69 83 81 35 19 9 57 20 10 84 44 66 90 72 7 96 70 79 100 
65 6 7 10 19 28 35 50 81 87 32 38 82 96 57 31 93 3 52 83 17 56 34 14 59 66 40 30 84 
59 52 69 8 28 50 99 4 17 64 45 18 3 65 31 38 42 1 10 40 35 90 74 19 7 16 56 39 83 
65 80 46 50 100 81 34 84 14 10 42 52 90 12 19 35 64 15 56 38 49 72 57 3 82 16 74 83 53 85 
90 3 87 2 24 36 69 92 96 30 42 52 29 18 73 34 49 88 94 6 83 38 89 19 7 84 15 4 59 56 12 82 11 57 31 98 60 28 66 
42 28 29 53 72 89 59 6 13 17 48 56 61 86 57 3 65 36 82 33 52 84 93 34 10 87 15 19 83 96 12 16 31 81 88 24 54 30 23 40 73 74 69 9 35 100 
57 29 50 78 76 27 11 10 58 84 34 3 71 7 37 19 81 87 83 15 14 16 43 53 56 67 17 18 8 48 49 21 63 4 47 45 
59 7 16 35 27 29 57 65 70 68 30 97 21 76 67 47 9 71 41 31 10 6 43 14 18 42 86 64 25 19 8 52 94 49 3 15 58 44 99 17 77 38 63 22 50 51 98 
20 3 78 80 12 24 28 48 81 97 98 17 64 53 23 8 13 52 9 58 94 38 40 87 86 15 96 19 49 18 69 72 2 100 41 75 88 47 25 84 34 22 90 89 4 10 57 
52 7 50 53 63 66 100 87 81 21 42 10 57 3 58 65 56 34 16 83 90 
3 84 80 8 31 37 50 67 85 99 65 28 66 70 77 40 89 78 35 88 83 59 18 43 87 20 38 49 4 7 58 10 96 33 32 54 63 57 23 42 19 21 17 98 81 82 93 90 34 46 
58 17 5 8 27 40 46 50 65 73 74 84 95 97 7 30 78 52 35 64 49 22 38 3 15 53 83 10 82 67 44 31 18 2 41 72 93 
90 13 35 46 65 9 44 48 52 56 73 87 97 10 23 24 28 43 53 77 54 40 37 86 85 58 92 64 82 49 57 6 18 22 38 89 93 4 84 47 63 69 81 
20 41 80 100 48 56 74 81 95 97 15 72 13 65 75 71 87 24 17 9 69 44 23 84 57 83 10 64 38 49 33 19 43 93 3 78 4 18 70 34 58 96 90 30 52 86 
57 94 3 6 36 43 72 76 80 97 19 92 17 41 46 73 75 90 65 67 15 56 84 1 9 18 38 69 64 53 13 89 49 16 85 42 87 2 82 24 52 86 58 34 14 74 83 63 10 100 
10 76 34 43 50 75 93 6 52 53 61 97 38 84 65 8 58 3 81 57 18 98 47 46 83 42 33 15 41 11 71 82 87 4 64 90 27 63 67 100 
65 17 63 69 71 100 1 22 30 60 51 80 23 81 28 64 49 10 54 35 47 55 41 19 57 26 58 90 2 43 84 74 15 82 83 38 40 34 
3 81 77 99 19 36 50 73 80 87 98 100 58 27 64 44 65 1 10 14 90 34 49 56 82 74 38 15 57 88 83 33 18 21 84 4 52 
0.5
47 42 19 29 64 76 95 87 21 46 84 99 4 34 13 10 24 37 67 57 3 36 52 
18 52 50 6 74 91 93 96 10 66 26 97 15 40 4 33 53 94 99 90 30 81 21 57 19 73 84 25 88 34 80 47 61 35 8 92 13 3 59 42 14 76 69 67 100 22 36 39 
92 19 85 86 39 72 10 18 30 66 96 5 93 9 14 83 13 55 99 3 6 22 84 57 8 42 61 47 24 33 
10 6 91 28 50 73 19 90 48 17 30 53 55 57 40 52 92 67 3 21 4 1 93 34 76 71 61 42 20 96 
47 42 19 29 64 89 12 14 9 87 50 66 56 92 57 4 5 86 24 34 52 13 3 72 36 22 46 84 10 40 55 99 
42 60 13 56 59 71 1 67 76 78 96 30 27 23 10 18 39 6 25 21 14 28 47 94 19 99 98 44 83 84 61 90 15 93 92 57 
13 10 81 24 85 86 99 93 44 72 47 96 54 100 97 42 7 66 67 33 57 92 23 8 61 11 6 83 34 82 84 65 74 89 
10 25 1 30 36 67 80 2 75 19 90 64 18 92 7 5 35 43 42 96 71 73 6 81 44 99 97 95 17 24 91 52 32 20 76 93 
73 36 47 76 1 2 9 20 29 34 86 89 95 6 25 71 77 57 7 19 92 79 5 44 14 38 10 18 93 24 64 87 42 97 81 8 28 3 23 84 13 33 69 96 61 58 65 99 46 90 
92 53 19 24 40 7 10 76 79 95 34 50 84 71 48 57 17 35 73 37 81 21 4 29 43 47 3 97 67 5 
97 52 55 42 64 92 28 53 86 22 34 74 41 10 47 30 61 90 40 19 43 5 67 56 91 17 6 57 14 83 3 29 99 69 96 84 21 4 76 93 
28 24 90 47 10 7 55 84 93 61 4 8 59 71 23 42 21 19 78 6 92 57 13 52 38 14 67 95 
71 4 74 40 24 57 19 18 10 97 41 53 91 92 55 30 47 3 73 87 35 21 44 81 42 93 28 8 67 22 7 96 50 95 
37 28 30 46 72 41 25 93 92 78 4 24 85 47 44 95 23 56 18 96 84 61 97 52 35 6 29 82 34 94 19 64 5 57 42 3 99 10 87 70 
57 92 94 43 76 56 75 10 64 21 78 27 58 65 96 14 41 59 28 47 33 4 67 71 23 25 84 97 18 29 98 
43 89 6 13 53 56 69 72 9 59 28 20 34 61 87 30 5 37 31 92 93 17 57 70 50 52 40 73 42 68 3 35 86 24 32 96 
29 30 25 84 76 9 28 22 36 73 21 57 58 47 61 94 87 4 86 52 92 97 18 23 72 35 67 78 34 38 64 
47 20 96 99 98 7 19 36 45 10 12 56 41 30 23 61 22 93 28 27 3 1 21 55 16 42 34 44 14 84 6 18 52 87 57 4 8 17 48 91 25 29 
10 84 6 26 76 20 47 96 19 57 44 34 36 29 3 69 67 21 4 48 24 53 90 71 87 93 95 
3 40 36 6 20 42 44 93 46 61 47 74 87 64 17 84 52 29 41 69 24 34 19 65 90 99 37 43 53 56 21 76 49 4 67 38 10 23 
92 66 91 4 57 56 97 84 33 10 55 9 8 83 22 30 53 34 78 96 38 69 14 35 61 3 25 47 6 100 40 18 90 5 63 49 86 87 93 98 
13 84 6 19 95 86 98 99 44 9 30 23 24 100 10 39 83 14 36 96 34 42 22 57 80 52 27 2 53 47 18 8 93 5 33 15 92 72 
47 28 37 25 26 60 61 97 98 84 82 100 52 94 27 53 21 34 30 38 90 42 15 16 56 4 93 74 57 64 41 6 23 18 49 73 78 68 92 
41 19 23 53 82 92 6 55 5 30 83 78 84 34 57 28 96 43 37 21 61 4 47 56 42 52 17 73 64 93 100 
13 4 6 17 19 38 64 39 56 46 72 96 100 42 57 66 41 37 84 61 10 95 8 47 99 59 18 83 93 5 3 24 52 30 97 86 92 
73 36 11 48 66 92 29 53 57 52 3 18 76 84 64 96 79 81 40 10 87 25 38 47 44 34 71 21 6 15 24 86 19 95 97 
92 53 39 94 4 96 1 3 5 11 48 10 99 6 19 45 73 71 40 21 18 17 35 47 34 57 7 25 81 50 30 61 69 42 8 90 22 13 14 41 15 84 27 44 83 72 76 93 64 87 29 
30 37 48 63 50 34 100 73 85 21 56 92 57 84 87 97 53 58 22 3 93 74 10 27 18 40 4 68 47 41 35 
52 39 28 30 6 23 55 92 13 57 25 47 78 12 41 59 93 4 29 64 3 5 96 87 61 27 99 18 69 97 9 10 42 84 19 56 14 83 17 67 86 21 43 73 85 
52 19 29 64 47 30 35 37 93 72 8 4 46 10 57 14 42 24 84 75 41 61 13 92 34 67 23 73 5 96 87 85 3 100 
3 6 34 41 51 53 19 71 75 58 5 44 92 47 64 38 87 30 57 10 35 96 84 17 83 43 42 52 61 40 
92 6 42 48 25 99 29 7 44 35 34 87 73 10 19 43 50 67 5 91 96 81 64 97 30 95 3 24 93 
8 13 70 86 89 28 72 91 93 7 79 14 3 19 21 30 97 90 23 47 84 43 67 17 10 6 63 96 5 57 34 58 42 81 1 39 52 50 71 73 24 4 25 95 
18 19 36 12 40 9 57 99 94 56 84 50 95 92 5 87 35 65 29 17 10 3 14 24 67 28 44 64 53 73 86 
94 93 96 19 6 4 86 97 57 42 41 30 64 
43 16 84 6 71 57 24 61 92 47 7 19 10 52 72 37 97 76 67 28 13 49 96 12 21 17 86 42 29 69 75 
92 60 81 14 39 27 93 21 99 69 96 8 10 94 19 84 28 30 50 67 59 42 13 25 33 7 95 23 61 18 83 6 47 26 57 78 98 
13 100 43 96 90 67 6 57 86 99 72 5 92 83 76 84 1 39 97 22 52 61 18 10 93 30 34 17 24 91 42 53 40 
47 37 36 21 23 29 67 78 98 30 32 34 75 5 9 8 76 35 59 19 42 97 12 94 43 96 24 58 41 92 57 64 6 27 50 82 4 52 83 84 3 95 17 18 63 86 7 16 22 25 28 60 65 
61 37 46 91 99 44 76 87 10 96 95 6 13 83 19 4 8 57 16 30 41 84 67 92 42 70 59 31 47 3 14 63 12 78 
92 6 24 46 67 7 4 57 87 25 33 17 14 3 18 19 70 5 41 50 44 69 40 35 95 84 30 27 53 83 22 10 8 61 37 94 13 90 97 73 93 100 
86 99 43 93 96 17 19 38 64 76 84 4 100 12 42 94 6 18 36 34 25 47 24 97 41 87 73 92 30 57 3 35 69 29 72 52 54 22 
35 55 57 34 39 42 13 6 95 10 96 53 21 3 83 84 29 59 61 43 44 76 92 97 22 14 47 90 40 30 9 19 52 85 87 17 8 28 99 91 67 86 24 
8 60 23 39 21 10 18 19 30 55 33 69 28 96 6 59 27 57 84 95 67 42 47 99 93 98 83 25 76 13 61 78 92 7 14 
71 10 15 23 29 36 49 56 7 19 26 39 61 84 98 30 27 82 78 18 38 69 55 96 21 13 64 99 42 41 44 6 34 47 57 73 3 87 14 52 4 33 93 25 28 
86 20 30 2 10 41 84 54 67 55 17 6 47 96 90 43 64 97 61 19 35 72 42 87 4 52 71 99 38 57 5 24 51 
92 3 12 11 19 29 47 59 35 17 32 6 14 5 71 10 34 87 28 95 72 52 24 8 93 57 69 84 13 7 36 9 
7 6 24 26 39 3 57 36 93 43 33 53 87 81 84 90 22 35 19 8 50 13 15 80 10 73 14 30 47 44 4 61 95 
10 61 6 36 52 53 3 21 91 40 57 73 38 48 81 30 34 47 90 42 96 92 97 93 
92 56 94 3 11 19 25 26 59 82 98 29 69 88 33 95 47 7 39 50 90 21 17 13 84 27 81 18 61 8 14 67 71 78 57 52 83 44 
47 19 41 46 64 73 96 4 7 13 90 37 30 84 93 9 59 42 24 21 86 67 28 57 53 95 99 85 6 8 94 75 52 92 88 34 68 72 
92 26 49 53 66 78 23 6 4 25 96 94 9 22 52 29 30 87 47 61 57 86 14 12 27 28 42 39 59 93 84 41 56 34 3 67 21 82 
92 46 73 91 53 84 19 5 28 34 10 37 67 55 57 24 56 4 35 30 90 3 61 48 64 93 95 6 8 58 21 97 14 76 40 99 96 
42 7 11 53 93 99 23 61 10 27 49 13 84 6 30 26 25 94 92 21 39 71 14 91 56 15 96 90 41 36 81 57 4 19 18 47 78 52 33 82 98 
61 5 43 56 64 70 72 89 91 94 96 73 76 66 52 13 10 8 97 19 9 25 67 84 6 30 39 99 18 90 47 83 42 57 3 34 86 92 14 40 53 93 98 
52 4 6 37 43 46 83 91 93 99 39 30 41 14 53 96 84 57 90 50 13 18 47 40 5 97 17 3 92 61 42 10 64 34 19 
37 29 30 28 59 76 96 6 26 27 49 84 95 98 78 13 41 21 36 57 17 87 47 10 99 23 94 92 19 4 14 79 3 42 45 18 34 50 85 24 7 73 15 52 39 86 67 64 43 33 44 93 
21 53 94 34 9 24 93 5 43 37 40 35 86 85 17 22 57 63 84 19 67 10 92 58 97 50 47 3 95 73 87 
97 57 24 66 19 92 14 48 16 30 34 55 3 10 18 38 40 22 4 47 69 21 64 96 91 9 13 95 50 74 56 35 84 5 81 53 68 28 73 86 93 37 
18 78 56 81 93 6 92 28 52 19 86 27 34 83 94 39 57 61 90 98 21 97 13 42 45 47 96 30 84 76 66 82 99 14 25 29 59 38 9 60 95 43 
43 1 6 11 76 7 71 52 95 18 42 73 3 40 45 24 10 13 79 92 81 47 17 34 38 84 61 64 72 12 29 97 86 87 44 19 67 9 75 99 96 30 91 57 21 93 
47 43 83 41 19 50 24 4 10 34 67 57 3 99 37 12 84 87 96 64 95 76 5 30 93 16 56 92 52 21 29 6 40 35 
47 59 30 36 21 64 7 20 25 28 75 78 55 96 8 10 97 29 42 84 6 19 32 14 4 41 50 3 92 71 95 23 27 5 87 57 52 35 17 24 67 82 
57 98 10 11 19 56 59 23 96 25 81 94 47 71 13 64 93 73 29 42 21 28 41 92 76 6 7 78 18 4 30 84 
47 40 19 20 37 51 56 66 89 92 73 2 4 30 67 68 52 77 21 38 86 94 90 3 53 97 24 49 85 84 17 54 18 9 44 71 72 34 59 
92 10 65 74 89 3 12 85 35 75 87 72 36 20 70 9 69 93 54 5 52 34 57 43 28 96 95 29 24 44 67 17 19 38 47 64 
92 52 24 56 59 71 72 78 89 44 10 94 7 67 11 13 18 14 8 42 85 90 57 61 81 84 47 39 
99 20 86 94 34 65 90 66 96 3 42 6 84 14 1 50 64 52 40 47 10 76 91 56 35 53 5 16 17 83 19 30 22 44 92 61 67 57 18 9 
100 10 85 97 92 19 95 52 73 96 28 93 24 22 30 15 47 84 37 55 13 6 8 3 57 42 5 49 36 66 80 
10 26 34 36 84 6 15 57 45 3 35 81 30 99 7 21 76 47 54 40 19 80 67 78 50 96 24 53 70 95 
8 96 17 19 29 38 41 64 72 23 6 93 13 35 33 59 57 28 4 30 84 87 92 24 95 83 67 34 47 3 37 10 99 52 61 14 42 46 
92 24 6 11 14 93 67 71 7 10 9 42 13 96 30 47 84 57 72 86 
57 59 61 4 26 35 36 53 95 98 7 13 15 80 49 92 39 47 96 78 33 55 28 30 21 19 24 27 10 23 50 8 67 52 42 41 84 83 17 64 18 71 3 6 90 14 82 93 
29 84 94 11 26 47 76 25 28 7 4 3 21 34 13 39 57 92 23 97 87 64 10 59 49 73 41 67 71 81 96 17 36 52 44 43 14 5 
10 6 24 57 19 42 70 83 7 50 91 25 30 5 14 18 35 81 88 97 95 44 92 13 73 90 22 96 53 67 33 94 8 27 3 69 17 28 61 84 64 93 99 
57 11 86 76 71 95 13 19 67 9 40 84 90 83 23 24 47 28 10 81 7 53 33 39 14 61 17 92 
92 30 96 98 11 19 56 59 78 84 99 81 3 21 6 76 39 94 25 4 87 52 57 23 28 29 64 10 47 42 18 73 41 34 93 71 
10 6 29 12 34 57 67 96 3 93 50 30 4 36 87 92 73 71 37 48 
10 57 29 36 6 20 28 35 92 87 84 34 7 90 73 96 19 50 93 3 4 48 71 8 30 67 24 95 
40 81 16 37 38 64 6 45 86 18 35 47 57 66 58 52 97 34 61 22 90 10 24 25 29 75 3 67 42 96 30 100 95 53 12 21 77 84 87 19 76 
28 50 26 98 6 14 65 19 73 84 9 30 21 61 93 94 44 68 24 18 58 10 92 27 59 42 57 25 33 95 23 52 38 67 47 64 78 37 86 
29 84 26 47 76 100 36 6 55 99 34 35 21 57 23 97 44 86 19 2 92 43 52 56 17 3 67 41 30 42 96 14 5 24 59 87 10 39 28 9 95 93 49 
52 56 97 6 9 61 28 100 92 96 73 13 24 67 55 42 30 47 10 41 37 19 49 18 72 57 69 84 53 15 85 17 64 93 86 
10 41 75 71 43 53 57 91 76 3 30 22 6 12 4 29 87 64 96 97 51 
18 26 44 78 82 98 14 23 52 100 60 4 38 65 39 27 28 22 33 83 59 92 50 42 87 57 55 41 61 48 56 
29 30 94 96 67 84 42 93 23 24 45 52 21 43 59 47 17 57 78 99 64 92 18 39 87 19 6 76 28 56 95 
47 2 6 20 26 70 87 95 100 24 84 79 15 97 21 13 76 92 36 86 49 3 34 7 4 90 19 67 53 37 50 17 52 68 58 30 73 88 57 64 72 93 
8 67 9 66 86 98 39 13 100 55 18 30 78 28 84 61 95 57 90 59 17 21 6 52 27 47 83 42 19 34 24 56 14 92 82 
29 11 19 59 84 93 25 56 7 91 64 43 94 92 30 76 98 69 38 73 6 42 86 34 23 57 61 28 71 75 87 47 41 3 10 4 21 97 81 96 
57 58 41 76 5 29 36 70 78 81 97 16 28 80 2 56 27 94 84 4 21 14 19 10 71 3 6 43 87 73 64 47 23 92 65 96 85 42 33 26 12 75 25 59 82 67 34 49 
10 14 6 53 67 99 24 93 33 8 84 31 17 61 28 96 30 50 35 92 5 59 95 83 57 56 42 90 3 39 19 
92 79 6 25 34 81 42 95 13 47 64 73 7 40 72 19 96 3 93 10 50 44 71 97 24 5 91 84 30 43 
23 29 25 94 22 46 77 84 4 50 58 57 69 87 47 76 82 30 24 36 41 86 52 21 3 73 92 37 38 17 63 64 34 18 
10 6 24 26 5 80 13 92 96 3 14 53 57 50 44 19 99 18 90 84 30 36 61 93 33 39 95 
71 21 42 84 100 53 30 51 19 64 50 6 88 4 81 3 97 45 10 57 76 95 61 92 41 44 29 87 18 38 20 90 54 99 24 25 34 5 40 52 75 
57 98 6 96 56 59 66 71 78 93 11 28 44 23 95 1 19 99 25 38 60 76 21 30 27 84 94 18 43 10 14 34 73 47 61 13 81 82 39 29 97 92 42 15 90 
47 7 29 72 86 89 3 13 42 11 9 87 61 12 46 10 52 92 5 44 71 36 24 14 
56 61 22 25 26 53 23 95 19 33 30 28 10 21 15 18 59 42 94 16 57 93 96 90 8 27 83 13 24 14 47 49 84 2 99 6 39 50 
10 1 6 24 91 93 96 99 19 35 7 34 94 53 69 84 3 18 23 13 57 76 73 14 25 39 33 81 42 64 95 8 27 90 67 30 50 61 
47 53 94 50 66 100 45 6 84 90 61 86 58 14 63 18 35 3 17 76 43 67 95 57 21 97 8 10 34 99 52 5 19 42 39 40 79 30 24 70 
92 4 56 6 19 66 55 84 3 14 78 25 57 30 28 67 27 21 59 64 41 9 47 18 42 96 5 93 52 86 
